"4 * Dist, Mean Area, Std Dev
-6.13  2.85  0.01  -6.13  2.85  0.01  -6.13  2.85  0.01  -6.13  2.85  0.01 
-5.70  2.84  0.01  -5.70  2.84  0.01  -5.70  2.84  0.01  -5.70  2.84  0.01 
-5.27  2.84  0.01  -5.27  2.84  0.01  -5.27  2.85  0.01  -5.27  2.85  0.01 
-4.84  2.86  0.01  -4.84  2.85  0.01  -4.84  2.87  0.01  -4.84  2.87  0.02 
-4.41  2.89  0.01  -4.41  2.88  0.01  -4.41  2.90  0.01  -4.41  2.90  0.02 
-3.99  2.91  0.01  -3.99  2.91  0.01  -3.99  2.91  0.01  -3.99  2.92  0.01 
-3.56  2.92  0.01  -3.56  2.92  0.01  -3.56  2.91  0.02  -3.56  2.91  0.01 
-3.13  2.90  0.01  -3.13  2.90  0.01  -3.13  2.88  0.02  -3.13  2.88  0.01 
-2.70  2.87  0.01  -2.70  2.86  0.01  -2.70  2.84  0.01  -2.70  2.84  0.01 
-2.27  2.85  0.01  -2.27  2.82  0.01  -2.27  2.81  0.01  -2.27  2.80  0.01 
-1.84  2.85  0.01  -1.84  2.81  0.01  -1.84  2.81  0.01  -1.84  2.80  0.02 
-1.41  2.90  0.02  -1.41  2.85  0.01  -1.41  2.87  0.01  -1.41  2.87  0.02 
-0.99  3.03  0.02  -0.99  3.00  0.02  -0.99  3.04  0.01  -0.99  3.03  0.02 
-0.56  3.29  0.01  -0.56  3.28  0.02  -0.56  3.36  0.01  -0.56  3.34  0.02 
-0.13  3.74  0.02  -0.13  3.77  0.03  -0.13  3.89  0.02  -0.13  3.85  0.02 
0.30   4.41  0.03  0.30   4.51  0.04  0.30   4.70  0.02  0.30   4.63  0.02 
0.73   5.35  0.04  0.73   5.58  0.04  0.73   5.83  0.03  0.73   5.73  0.03 
1.16   6.52  0.06  1.16   6.95  0.05  1.16   7.23  0.06  1.16   7.12  0.05 
1.59   7.78  0.08  1.59   8.47  0.06  1.59   8.69  0.09  1.59   8.61  0.09 
2.02   8.84  0.10  2.02   9.81  0.11  2.02   9.84  0.09  2.02   9.85  0.14 
2.45   9.43  0.11  2.45   10.59 0.19  2.45   10.33 0.06  2.45   10.50 0.19 
2.87   9.41  0.09  2.87   10.62 0.27  2.87   10.11 0.08  2.87   10.43 0.20 
3.30   8.90  0.07  3.30   10.01 0.33  3.30   9.42  0.15  3.30   9.85  0.18 
3.73   8.10  0.05  3.73   9.07  0.35  3.73   8.57  0.20  3.73   9.06  0.15 
4.16   7.22  0.03  4.16   8.05  0.33  4.16   7.78  0.21  4.16   8.28  0.12 
4.59   6.35  0.03  4.59   7.09  0.29  4.59   7.11  0.19  4.59   7.57  0.10 
5.02   5.53  0.04  5.02   6.22  0.23  5.02   6.49  0.15  5.02   6.87  0.09 
5.45   4.78  0.04  5.45   5.41  0.18  5.45   5.87  0.10  5.45   6.16  0.09 
5.88   4.11  0.04  5.88   4.68  0.14  5.88   5.22  0.08  5.88   5.42  0.08 
6.30   3.56  0.03  6.30   4.05  0.11  6.30   4.59  0.06  6.30   4.72  0.07 
6.73   3.14  0.03  6.73   3.55  0.09  6.73   4.03  0.06  6.73   4.12  0.06 
7.16   2.85  0.03  7.16   3.18  0.08  7.16   3.57  0.06  7.16   3.66  0.05 
7.59   2.66  0.04  7.59   2.93  0.07  7.59   3.23  0.07  7.59   3.34  0.04 
8.02   2.55  0.04  8.02   2.75  0.06  8.02   2.99  0.08  8.02   3.13  0.03 
8.45   2.48  0.04  8.45   2.64  0.06  8.45   2.84  0.08  8.45   2.99  0.03 
8.88   2.42  0.04  8.88   2.56  0.06  8.88   2.74  0.08  8.88   2.89  0.03 
9.31   2.36  0.03  9.31   2.51  0.06  9.31   2.69  0.06  9.31   2.82  0.03 
9.73   2.27  0.04  9.73   2.48  0.06  9.73   2.65  0.04  9.73   2.74  0.03 
10.16  2.16  0.05  10.16  2.45  0.08  10.16  2.58  0.02  10.16  2.64  0.03 
10.59  2.01  0.05  10.59  2.41  0.10  10.59  2.44  0.03  10.59  2.49  0.03 
11.02  1.84  0.04  11.02  2.32  0.12  11.02  2.23  0.04  11.02  2.30  0.02 
11.45  1.69  0.03  11.45  2.20  0.14  11.45  2.00  0.03  11.45  2.11  0.03 
11.88  1.59  0.03  11.88  2.08  0.15  11.88  1.79  0.02  11.88  1.96  0.03 
12.31  1.55  0.03  12.31  1.98  0.16  12.31  1.67  0.03  12.31  1.89  0.04 
12.74  1.60  0.05  12.74  1.95  0.15  12.74  1.64  0.05  12.74  1.93  0.04 
13.16  1.71  0.07  13.16  1.96  0.14  13.16  1.69  0.06  13.16  2.03  0.04 
13.59  1.84  0.09  13.59  1.97  0.10  13.59  1.77  0.06  13.59  2.14  0.03 
14.02  1.90  0.11  14.02  1.92  0.05  14.02  1.78  0.04  14.02  2.12  0.02 
14.45  1.80  0.10  14.45  1.76  0.02  14.45  1.65  0.02  14.45  1.91  0.02 
14.88  1.56  0.08  14.88  1.51  0.05  14.88  1.38  0.03  14.88  1.56  0.03 
15.31  1.26  0.05  15.31  1.23  0.07  15.31  1.09  0.03  15.31  1.18  0.03 
15.74  0.98  0.03  15.74  0.99  0.06  15.74  0.84  0.03  15.74  0.88  0.02 
16.17  0.78  0.01  16.17  0.82  0.05  16.17  0.67  0.02  16.17  0.68  0.01 
16.59  0.67  0.01  16.59  0.73  0.03  16.59  0.59  0.01  16.59  0.58  0.01 
17.02  0.62  0.02  17.02  0.71  0.02  17.02  0.57  0.01  17.02  0.57  0.01 
17.45  0.64  0.02  17.45  0.74  0.04  17.45  0.62  0.01  17.45  0.62  0.01 
17.88  0.72  0.02  17.88  0.83  0.07  17.88  0.74  0.01  17.88  0.74  0.02 
18.31  0.84  0.02  18.31  0.96  0.09  18.31  0.91  0.02  18.31  0.92  0.03 
18.74  1.02  0.02  18.74  1.13  0.10  18.74  1.13  0.03  18.74  1.15  0.03 
19.17  1.22  0.03  19.17  1.32  0.08  19.17  1.39  0.04  19.17  1.38  0.03 
19.60  1.42  0.04  19.60  1.49  0.05  19.60  1.62  0.05  19.60  1.55  0.03 
20.02  1.59  0.05  20.02  1.60  0.11  20.02  1.78  0.04  20.02  1.62  0.05 
20.45  1.72  0.09  20.45  1.63  0.20  20.45  1.85  0.04  20.45  1.59  0.07 
20.88  1.80  0.13  20.88  1.60  0.27  20.88  1.88  0.06  20.88  1.52  0.09 
21.31  1.87  0.17  21.31  1.55  0.29  21.31  1.91  0.08  21.31  1.48  0.10 
21.74  1.96  0.20  21.74  1.54  0.27  21.74  2.01  0.09  21.74  1.54  0.10 
22.17  2.08  0.21  22.17  1.60  0.22  22.17  2.21  0.10  22.17  1.70  0.10 
22.60  2.25  0.21  22.60  1.77  0.15  22.60  2.48  0.10  22.60  1.99  0.09 
23.02  2.44  0.19  23.02  2.07  0.07  23.02  2.80  0.10  23.02  2.36  0.07 
23.45  2.65  0.16  23.45  2.47  0.11  23.45  3.07  0.10  23.45  2.73  0.06 
23.88  2.83  0.14  23.88  2.95  0.20  23.88  3.25  0.11  23.88  3.02  0.08 
24.31  3.01  0.14  24.31  3.43  0.23  24.31  3.35  0.12  24.31  3.21  0.10 
24.74  3.18  0.15  24.74  3.86  0.18  24.74  3.44  0.12  24.74  3.32  0.11 
25.17  3.38  0.18  25.17  4.19  0.09  25.17  3.58  0.11  25.17  3.46  0.13 
25.60  3.62  0.22  25.60  4.40  0.19  25.60  3.83  0.12  25.60  3.66  0.17 
26.03  3.89  0.26  26.03  4.49  0.35  26.03  4.16  0.15  26.03  3.96  0.22 
26.45  4.17  0.28  26.45  4.48  0.45  26.45  4.47  0.20  26.45  4.31  0.26 
26.88  4.41  0.28  26.88  4.42  0.48  26.88  4.67  0.23  26.88  4.60  0.27 
27.31  4.56  0.26  27.31  4.38  0.45  27.31  4.66  0.23  27.31  4.75  0.25 
27.74  4.59  0.24  27.74  4.39  0.39  27.74  4.45  0.21  27.74  4.70  0.21 
28.17  4.47  0.24  28.17  4.44  0.31  28.17  4.10  0.18  28.17  4.45  0.19 
28.60  4.23  0.24  28.60  4.47  0.24  28.60  3.71  0.16  28.60  4.08  0.18 
29.03  3.90  0.24  29.03  4.41  0.20  29.03  3.34  0.14  29.03  3.68  0.17 
29.46  3.55  0.24  29.46  4.22  0.18  29.46  3.03  0.13  29.46  3.31  0.16 

"Date of Test: 06/30/2007
"Patient Name: M09F                               
"Age:    
"Date of Birth:   /  /    
"Sex: M
"Operator:                                    
"Referring Physician:                                    
"Medical Record Number:                                    
"Window #1: glottis         
"Window #2: glottis         
"Window #3: glottis         
"Window #4: glottis         
"Mark 1 1: 5.02  
"Mark 1 2: 10.16 
"Mark 1 3: 20.02 
"Mark 1 4: 18.00
"Mark 1 5: 20.00
"Mark 2 1: 5.02  
"Mark 2 2: 10.16 
"Mark 2 3: 20.02 
"Mark 2 4: 18.00
"Mark 2 5: 20.00
"Mark 3 1: 5.02  
"Mark 3 2: 10.16 
"Mark 3 3: 20.02 
"Mark 3 4: 18.00
"Mark 3 5: 20.00
"Mark 4 1: 5.02  
"Mark 4 2: 10.16 
"Mark 4 3: 20.02 
"Mark 4 4: 18.00
"Mark 4 5: 20.00
"AS Mn 1: 9.50  
"AS Mx 1: 20.00 
"AS Mn 2: 9.50  
"AS Mx 2: 20.00 
"AS Mn 3: 9.50  
"AS Mx 3: 20.10 
"AS Mn 4: 9.50  
"AS Mx 4: 20.00 
"Comments *:                                                                                                                                                                                                                                                 
                                                                                                                                                              
