"4 * Dist, Mean Area, Std Dev
-6.13  2.85  0.01  -6.13  2.85  0.01  -6.13  2.85  0.01  -6.13  2.85  0.01 
-5.70  2.87  0.01  -5.70  2.87  0.01  -5.70  2.87  0.01  -5.70  2.86  0.01 
-5.27  2.86  0.01  -5.27  2.86  0.01  -5.27  2.85  0.01  -5.27  2.85  0.01 
-4.84  2.83  0.02  -4.84  2.82  0.01  -4.84  2.82  0.01  -4.84  2.82  0.01 
-4.41  2.78  0.02  -4.41  2.78  0.02  -4.41  2.77  0.02  -4.41  2.78  0.02 
-3.99  2.75  0.01  -3.99  2.75  0.02  -3.99  2.75  0.02  -3.99  2.75  0.01 
-3.56  2.76  0.01  -3.56  2.76  0.01  -3.56  2.75  0.01  -3.56  2.75  0.01 
-3.13  2.79  0.01  -3.13  2.80  0.01  -3.13  2.80  0.01  -3.13  2.79  0.01 
-2.70  2.86  0.01  -2.70  2.88  0.01  -2.70  2.88  0.01  -2.70  2.85  0.02 
-2.27  2.95  0.02  -2.27  2.96  0.01  -2.27  2.97  0.01  -2.27  2.93  0.02 
-1.84  3.03  0.03  -1.84  3.04  0.01  -1.84  3.04  0.02  -1.84  2.99  0.02 
-1.41  3.09  0.03  -1.41  3.08  0.02  -1.41  3.07  0.02  -1.41  3.03  0.02 
-0.99  3.11  0.03  -0.99  3.07  0.02  -0.99  3.06  0.02  -0.99  3.04  0.02 
-0.56  3.09  0.02  -0.56  3.03  0.03  -0.56  2.98  0.02  -0.56  3.00  0.02 
-0.13  3.01  0.03  -0.13  2.93  0.05  -0.13  2.86  0.02  -0.13  2.93  0.03 
0.30   2.87  0.07  0.30   2.78  0.08  0.30   2.68  0.03  0.30   2.81  0.06 
0.73   2.67  0.10  0.73   2.57  0.10  0.73   2.45  0.04  0.73   2.66  0.09 
1.16   2.40  0.12  1.16   2.32  0.11  1.16   2.18  0.04  1.16   2.45  0.12 
1.59   2.11  0.13  1.59   2.05  0.11  1.59   1.91  0.04  1.59   2.22  0.16 
2.02   1.82  0.12  2.02   1.79  0.09  2.02   1.66  0.04  2.02   1.99  0.18 
2.45   1.56  0.10  2.45   1.57  0.07  2.45   1.46  0.03  2.45   1.79  0.18 
2.87   1.36  0.08  2.87   1.42  0.05  2.87   1.33  0.03  2.87   1.63  0.18 
3.30   1.22  0.06  3.30   1.33  0.03  3.30   1.27  0.03  3.30   1.53  0.18 
3.73   1.13  0.04  3.73   1.30  0.03  3.73   1.26  0.03  3.73   1.50  0.18 
4.16   1.09  0.03  4.16   1.32  0.03  4.16   1.29  0.04  4.16   1.52  0.18 
4.59   1.07  0.03  4.59   1.35  0.03  4.59   1.34  0.05  4.59   1.58  0.20 
5.02   1.05  0.04  5.02   1.38  0.04  5.02   1.39  0.05  5.02   1.64  0.21 
5.45   1.03  0.04  5.45   1.37  0.05  5.45   1.40  0.05  5.45   1.67  0.22 
5.88   0.99  0.04  5.88   1.32  0.06  5.88   1.35  0.04  5.88   1.66  0.23 
6.30   0.92  0.04  6.30   1.22  0.08  6.30   1.26  0.03  6.30   1.60  0.24 
6.73   0.85  0.05  6.73   1.11  0.08  6.73   1.14  0.02  6.73   1.51  0.25 
7.16   0.80  0.06  7.16   1.02  0.09  7.16   1.03  0.03  7.16   1.41  0.26 
7.59   0.77  0.07  7.59   0.97  0.08  7.59   0.95  0.03  7.59   1.36  0.29 
8.02   0.80  0.08  8.02   0.98  0.08  8.02   0.93  0.03  8.02   1.37  0.32 
8.45   0.88  0.10  8.45   1.07  0.08  8.45   0.99  0.04  8.45   1.46  0.37 
8.88   1.02  0.12  8.88   1.26  0.08  8.88   1.12  0.07  8.88   1.65  0.44 
9.31   1.25  0.16  9.31   1.54  0.08  9.31   1.35  0.10  9.31   1.93  0.51 
9.73   1.53  0.22  9.73   1.89  0.09  9.73   1.65  0.15  9.73   2.27  0.58 
10.16  1.85  0.28  10.16  2.26  0.10  10.16  1.99  0.20  10.16  2.61  0.62 
10.59  2.16  0.32  10.59  2.57  0.10  10.59  2.29  0.23  10.59  2.91  0.62 
11.02  2.44  0.34  11.02  2.81  0.10  11.02  2.53  0.24  11.02  3.14  0.59 
11.45  2.72  0.31  11.45  3.02  0.13  11.45  2.74  0.22  11.45  3.36  0.55 
11.88  3.06  0.25  11.88  3.29  0.17  11.88  2.98  0.18  11.88  3.65  0.54 
12.31  3.50  0.19  12.31  3.70  0.21  12.31  3.33  0.16  12.31  4.12  0.54 
12.74  4.04  0.20  12.74  4.28  0.24  12.74  3.86  0.15  12.74  4.79  0.56 
13.16  4.62  0.29  13.16  4.99  0.24  13.16  4.53  0.17  13.16  5.64  0.57 
13.59  5.07  0.39  13.59  5.64  0.22  13.59  5.26  0.20  13.59  6.47  0.50 
14.02  5.22  0.48  14.02  6.01  0.21  14.02  5.82  0.21  14.02  6.98  0.35 
14.45  4.98  0.49  14.45  5.90  0.23  14.45  6.01  0.20  14.45  6.89  0.29 
14.88  4.46  0.42  14.88  5.33  0.21  14.88  5.70  0.20  14.88  6.20  0.45 
15.31  3.85  0.29  15.31  4.50  0.16  15.31  5.02  0.21  15.31  5.15  0.56 
15.74  3.30  0.17  15.74  3.68  0.11  15.74  4.18  0.21  15.74  4.07  0.55 
16.17  2.91  0.09  16.17  3.02  0.11  16.17  3.41  0.18  16.17  3.21  0.48 
16.59  2.71  0.10  16.59  2.58  0.11  16.59  2.85  0.14  16.59  2.63  0.39 
17.02  2.68  0.13  17.02  2.38  0.09  17.02  2.53  0.09  17.02  2.34  0.33 
17.45  2.79  0.15  17.45  2.37  0.05  17.45  2.47  0.06  17.45  2.30  0.31 
17.88  2.98  0.13  17.88  2.52  0.08  17.88  2.61  0.07  17.88  2.47  0.32 
18.31  3.17  0.10  18.31  2.73  0.18  18.31  2.90  0.09  18.31  2.77  0.39 
18.74  3.22  0.09  18.74  2.88  0.28  18.74  3.19  0.09  18.74  3.04  0.49 
19.17  3.09  0.10  19.17  2.81  0.30  19.17  3.26  0.11  19.17  3.07  0.60 
19.60  2.81  0.09  19.60  2.51  0.25  19.60  3.00  0.17  19.60  2.78  0.63 
20.02  2.47  0.07  20.02  2.11  0.15  20.02  2.51  0.20  20.02  2.28  0.56 
20.45  2.20  0.09  20.45  1.74  0.10  20.45  2.00  0.20  20.45  1.76  0.45 
20.88  2.05  0.13  20.88  1.51  0.09  20.88  1.63  0.16  20.88  1.39  0.35 
21.31  2.04  0.16  21.31  1.43  0.09  21.31  1.45  0.13  21.31  1.19  0.29 
21.74  2.14  0.17  21.74  1.49  0.08  21.74  1.45  0.10  21.74  1.16  0.26 
22.17  2.31  0.15  22.17  1.68  0.11  22.17  1.63  0.09  22.17  1.28  0.27 
22.60  2.45  0.12  22.60  1.95  0.24  22.60  1.96  0.10  22.60  1.54  0.31 
23.02  2.48  0.09  23.02  2.20  0.37  23.02  2.34  0.12  23.02  1.90  0.38 
23.45  2.37  0.08  23.45  2.29  0.42  23.45  2.60  0.14  23.45  2.22  0.46 
23.88  2.16  0.08  23.88  2.14  0.33  23.88  2.58  0.16  23.88  2.33  0.49 
24.31  1.94  0.11  24.31  1.84  0.16  24.31  2.25  0.21  24.31  2.17  0.44 
24.74  1.78  0.14  24.74  1.53  0.11  24.74  1.81  0.23  24.74  1.82  0.32 
25.17  1.70  0.16  25.17  1.30  0.19  25.17  1.41  0.21  25.17  1.47  0.19 
25.60  1.70  0.17  25.60  1.18  0.22  25.60  1.15  0.17  25.60  1.21  0.12 
26.03  1.76  0.17  26.03  1.17  0.20  26.03  1.05  0.12  26.03  1.09  0.10 
26.45  1.84  0.16  26.45  1.27  0.12  26.45  1.12  0.09  26.45  1.12  0.11 
26.88  1.89  0.16  26.88  1.48  0.14  26.88  1.34  0.11  26.88  1.27  0.12 
27.31  1.87  0.16  27.31  1.74  0.35  27.31  1.70  0.19  27.31  1.52  0.16 
27.74  1.78  0.16  27.74  1.91  0.52  27.74  2.08  0.25  27.74  1.79  0.28 
28.17  1.65  0.16  28.17  1.84  0.47  28.17  2.24  0.23  28.17  1.93  0.42 
28.60  1.51  0.16  28.60  1.57  0.23  28.60  2.04  0.15  28.60  1.82  0.40 
29.03  1.42  0.14  29.03  1.26  0.12  29.03  1.59  0.18  29.03  1.50  0.20 
29.46  1.38  0.12  29.46  1.05  0.29  29.46  1.14  0.22  29.46  1.15  0.08 

"Date of Test: 06/30/2007
"Patient Name: M09F                               
"Age:    
"Date of Birth:   /  /    
"Sex: M
"Operator:                                    
"Referring Physician:                                    
"Medical Record Number:                                    
"Window #1: heed            
"Window #2: heed            
"Window #3: heed            
"Window #4: heed            
"Mark 1 1: 5.02  
"Mark 1 2: 10.16 
"Mark 1 3: 20.02 
"Mark 1 4: 18.00
"Mark 1 5: 20.00
"Mark 2 1: 5.02  
"Mark 2 2: 10.16 
"Mark 2 3: 20.02 
"Mark 2 4: 18.00
"Mark 2 5: 20.00
"Mark 3 1: 5.02  
"Mark 3 2: 10.16 
"Mark 3 3: 20.02 
"Mark 3 4: 18.00
"Mark 3 5: 20.00
"Mark 4 1: 5.02  
"Mark 4 2: 10.16 
"Mark 4 3: 20.02 
"Mark 4 4: 18.00
"Mark 4 5: 20.00
"AS Mn 1: 9.50  
"AS Mx 1: 20.00 
"AS Mn 2: 9.50  
"AS Mx 2: 20.00 
"AS Mn 3: 9.50  
"AS Mx 3: 20.10 
"AS Mn 4: 9.50  
"AS Mx 4: 20.00 
"Comments *:                                                                                                                                                                                                                                                 
                                                                                                                                                              
