"4 * Dist, Mean Area, Std Dev
-6.13  2.85  0.01  -6.13  2.85  0.01  -6.13  2.85  0.01  -6.13  2.85  0.01 
-5.70  2.87  0.01  -5.70  2.87  0.01  -5.70  2.86  0.01  -5.70  2.86  0.01 
-5.27  2.86  0.01  -5.27  2.86  0.01  -5.27  2.85  0.01  -5.27  2.85  0.01 
-4.84  2.83  0.01  -4.84  2.83  0.01  -4.84  2.82  0.01  -4.84  2.81  0.01 
-4.41  2.79  0.01  -4.41  2.79  0.01  -4.41  2.78  0.01  -4.41  2.78  0.02 
-3.99  2.76  0.01  -3.99  2.76  0.01  -3.99  2.76  0.01  -3.99  2.76  0.02 
-3.56  2.75  0.01  -3.56  2.76  0.01  -3.56  2.78  0.02  -3.56  2.77  0.01 
-3.13  2.78  0.01  -3.13  2.79  0.01  -3.13  2.82  0.02  -3.13  2.81  0.01 
-2.70  2.82  0.01  -2.70  2.84  0.01  -2.70  2.88  0.02  -2.70  2.87  0.01 
-2.27  2.88  0.01  -2.27  2.90  0.01  -2.27  2.93  0.02  -2.27  2.92  0.01 
-1.84  2.94  0.01  -1.84  2.96  0.01  -1.84  2.97  0.03  -1.84  2.95  0.02 
-1.41  2.99  0.01  -1.41  3.01  0.01  -1.41  2.97  0.02  -1.41  2.95  0.02 
-0.99  3.05  0.02  -0.99  3.07  0.01  -0.99  2.94  0.02  -0.99  2.94  0.01 
-0.56  3.11  0.05  -0.56  3.13  0.02  -0.56  2.88  0.04  -0.56  2.91  0.02 
-0.13  3.18  0.07  -0.13  3.19  0.03  -0.13  2.82  0.08  -0.13  2.88  0.03 
0.30   3.24  0.10  0.30   3.23  0.04  0.30   2.74  0.13  0.30   2.85  0.04 
0.73   3.24  0.12  0.73   3.21  0.07  0.73   2.68  0.18  0.73   2.82  0.04 
1.16   3.15  0.14  1.16   3.09  0.09  1.16   2.63  0.23  1.16   2.79  0.04 
1.59   2.95  0.14  1.59   2.87  0.12  1.59   2.58  0.27  1.59   2.74  0.04 
2.02   2.66  0.12  2.02   2.57  0.14  2.02   2.55  0.31  2.02   2.66  0.05 
2.45   2.34  0.10  2.45   2.24  0.14  2.45   2.52  0.35  2.45   2.56  0.07 
2.87   2.03  0.08  2.87   1.92  0.15  2.87   2.49  0.37  2.87   2.45  0.08 
3.30   1.79  0.06  3.30   1.66  0.15  3.30   2.45  0.38  3.30   2.33  0.09 
3.73   1.63  0.06  3.73   1.48  0.15  3.73   2.39  0.38  3.73   2.22  0.09 
4.16   1.55  0.06  4.16   1.38  0.16  4.16   2.32  0.36  4.16   2.13  0.08 
4.59   1.54  0.07  4.59   1.35  0.16  4.59   2.23  0.32  4.59   2.06  0.07 
5.02   1.57  0.08  5.02   1.36  0.17  5.02   2.11  0.27  5.02   1.99  0.05 
5.45   1.62  0.09  5.45   1.38  0.16  5.45   1.98  0.23  5.45   1.93  0.03 
5.88   1.64  0.09  5.88   1.40  0.15  5.88   1.86  0.19  5.88   1.85  0.01 
6.30   1.63  0.09  6.30   1.39  0.13  6.30   1.76  0.17  6.30   1.78  0.01 
6.73   1.59  0.09  6.73   1.37  0.12  6.73   1.71  0.15  6.73   1.74  0.02 
7.16   1.56  0.09  7.16   1.36  0.12  7.16   1.76  0.16  7.16   1.77  0.01 
7.59   1.59  0.08  7.59   1.39  0.13  7.59   1.92  0.17  7.59   1.91  0.02 
8.02   1.72  0.09  8.02   1.51  0.16  8.02   2.22  0.20  8.02   2.19  0.03 
8.45   1.99  0.10  8.45   1.74  0.21  8.45   2.69  0.23  8.45   2.63  0.04 
8.88   2.44  0.12  8.88   2.10  0.28  8.88   3.28  0.25  8.88   3.23  0.05 
9.31   3.07  0.16  9.31   2.59  0.35  9.31   3.88  0.22  9.31   3.88  0.06 
9.73   3.82  0.19  9.73   3.17  0.40  9.73   4.33  0.14  9.73   4.41  0.08 
10.16  4.52  0.23  10.16  3.75  0.39  10.16  4.48  0.03  10.16  4.62  0.10 
10.59  4.98  0.28  10.59  4.21  0.32  10.59  4.31  0.11  10.59  4.49  0.11 
11.02  5.10  0.31  11.02  4.45  0.21  11.02  3.96  0.19  11.02  4.13  0.10 
11.45  4.93  0.31  11.45  4.47  0.13  11.45  3.58  0.21  11.45  3.71  0.10 
11.88  4.64  0.27  11.88  4.34  0.13  11.88  3.28  0.21  11.88  3.36  0.09 
12.31  4.38  0.22  12.31  4.15  0.17  12.31  3.09  0.18  12.31  3.11  0.10 
12.74  4.19  0.18  12.74  4.00  0.20  12.74  2.98  0.17  12.74  2.93  0.11 
13.16  4.08  0.15  13.16  3.90  0.22  13.16  2.87  0.16  13.16  2.78  0.11 
13.59  3.97  0.15  13.59  3.83  0.25  13.59  2.72  0.17  13.59  2.60  0.10 
14.02  3.79  0.17  14.02  3.73  0.27  14.02  2.46  0.18  14.02  2.35  0.08 
14.45  3.50  0.19  14.45  3.53  0.29  14.45  2.11  0.19  14.45  2.05  0.05 
14.88  3.08  0.19  14.88  3.22  0.31  14.88  1.73  0.18  14.88  1.71  0.04 
15.31  2.62  0.18  15.31  2.83  0.32  15.31  1.38  0.16  15.31  1.40  0.04 
15.74  2.18  0.16  15.74  2.44  0.32  15.74  1.11  0.14  15.74  1.13  0.04 
16.17  1.80  0.15  16.17  2.11  0.31  16.17  0.92  0.12  16.17  0.94  0.03 
16.59  1.52  0.13  16.59  1.85  0.30  16.59  0.80  0.10  16.59  0.82  0.02 
17.02  1.34  0.11  17.02  1.66  0.28  17.02  0.75  0.08  17.02  0.76  0.02 
17.45  1.24  0.09  17.45  1.52  0.25  17.45  0.75  0.07  17.45  0.75  0.02 
17.88  1.20  0.08  17.88  1.42  0.21  17.88  0.79  0.06  17.88  0.79  0.02 
18.31  1.20  0.07  18.31  1.35  0.17  18.31  0.85  0.05  18.31  0.84  0.02 
18.74  1.21  0.07  18.74  1.29  0.14  18.74  0.89  0.05  18.74  0.89  0.02 
19.17  1.22  0.06  19.17  1.26  0.12  19.17  0.92  0.05  19.17  0.92  0.02 
19.60  1.21  0.06  19.60  1.26  0.12  19.60  0.94  0.05  19.60  0.92  0.03 
20.02  1.20  0.05  20.02  1.29  0.13  20.02  0.94  0.04  20.02  0.93  0.03 
20.45  1.19  0.05  20.45  1.34  0.14  20.45  0.96  0.03  20.45  0.94  0.03 
20.88  1.20  0.05  20.88  1.39  0.14  20.88  1.01  0.02  20.88  0.99  0.04 
21.31  1.22  0.04  21.31  1.43  0.14  21.31  1.08  0.03  21.31  1.06  0.05 
21.74  1.25  0.04  21.74  1.44  0.14  21.74  1.16  0.05  21.74  1.14  0.06 
22.17  1.26  0.04  22.17  1.42  0.12  22.17  1.24  0.07  22.17  1.22  0.06 
22.60  1.25  0.04  22.60  1.35  0.08  22.60  1.31  0.09  22.60  1.29  0.06 
23.02  1.22  0.03  23.02  1.27  0.05  23.02  1.35  0.13  23.02  1.35  0.06 
23.45  1.19  0.03  23.45  1.19  0.06  23.45  1.40  0.17  23.45  1.42  0.06 
23.88  1.19  0.03  23.88  1.14  0.10  23.88  1.47  0.21  23.88  1.52  0.07 
24.31  1.23  0.04  24.31  1.15  0.13  24.31  1.58  0.25  24.31  1.65  0.08 
24.74  1.32  0.05  24.74  1.22  0.14  24.74  1.73  0.28  24.74  1.81  0.09 
25.17  1.45  0.04  25.17  1.37  0.13  25.17  1.93  0.29  25.17  1.97  0.09 
25.60  1.60  0.04  25.60  1.59  0.12  25.60  2.14  0.29  25.60  2.10  0.10 
26.03  1.75  0.04  26.03  1.83  0.10  26.03  2.33  0.28  26.03  2.19  0.10 
26.45  1.87  0.06  26.45  2.03  0.10  26.45  2.44  0.28  26.45  2.23  0.11 
26.88  1.93  0.06  26.88  2.11  0.10  26.88  2.47  0.28  26.88  2.25  0.12 
27.31  1.94  0.06  27.31  2.08  0.10  27.31  2.43  0.29  27.31  2.26  0.13 
27.74  1.93  0.05  27.74  1.99  0.11  27.74  2.36  0.28  27.74  2.27  0.14 
28.17  1.91  0.06  28.17  1.90  0.14  28.17  2.31  0.27  28.17  2.29  0.14 
28.60  1.91  0.07  28.60  1.85  0.18  28.60  2.31  0.25  28.60  2.35  0.14 
29.03  1.95  0.07  29.03  1.86  0.22  29.03  2.36  0.24  29.03  2.44  0.14 
29.46  2.01  0.07  29.46  1.90  0.25  29.46  2.45  0.23  29.46  2.55  0.14 

"Date of Test: 06/30/2007
"Patient Name: M09F                               
"Age:    
"Date of Birth:   /  /    
"Sex: M
"Operator:                                    
"Referring Physician:                                    
"Medical Record Number:                                    
"Window #1: hid             
"Window #2: hid             
"Window #3: hid             
"Window #4: hid             
"Mark 1 1: 5.02  
"Mark 1 2: 10.16 
"Mark 1 3: 20.02 
"Mark 1 4: 18.00
"Mark 1 5: 20.00
"Mark 2 1: 5.02  
"Mark 2 2: 10.16 
"Mark 2 3: 20.02 
"Mark 2 4: 18.00
"Mark 2 5: 20.00
"Mark 3 1: 5.02  
"Mark 3 2: 10.16 
"Mark 3 3: 20.02 
"Mark 3 4: 18.00
"Mark 3 5: 20.00
"Mark 4 1: 5.02  
"Mark 4 2: 10.16 
"Mark 4 3: 20.02 
"Mark 4 4: 18.00
"Mark 4 5: 20.00
"AS Mn 1: 9.50  
"AS Mx 1: 20.00 
"AS Mn 2: 9.50  
"AS Mx 2: 20.00 
"AS Mn 3: 9.50  
"AS Mx 3: 20.10 
"AS Mn 4: 9.50  
"AS Mx 4: 20.00 
"Comments *:                                                                                                                                                                                                                                                 
                                                                                                                                                              
