"4 * Dist, Mean Area, Std Dev
-6.13  2.85  0.01  -6.13  2.85  0.01  -6.13  2.85  0.01  -6.13  2.85  0.01 
-5.70  2.86  0.01  -5.70  2.85  0.01  -5.70  2.87  0.01  -5.70  2.87  0.01 
-5.27  2.85  0.01  -5.27  2.85  0.01  -5.27  2.86  0.01  -5.27  2.85  0.01 
-4.84  2.82  0.01  -4.84  2.84  0.02  -4.84  2.83  0.02  -4.84  2.82  0.02 
-4.41  2.78  0.01  -4.41  2.82  0.03  -4.41  2.79  0.02  -4.41  2.77  0.02 
-3.99  2.76  0.01  -3.99  2.82  0.05  -3.99  2.76  0.02  -3.99  2.74  0.02 
-3.56  2.76  0.01  -3.56  2.83  0.05  -3.56  2.75  0.01  -3.56  2.75  0.02 
-3.13  2.79  0.01  -3.13  2.85  0.05  -3.13  2.77  0.01  -3.13  2.79  0.01 
-2.70  2.83  0.01  -2.70  2.87  0.04  -2.70  2.82  0.01  -2.70  2.86  0.02 
-2.27  2.89  0.01  -2.27  2.91  0.03  -2.27  2.89  0.01  -2.27  2.93  0.02 
-1.84  2.93  0.01  -1.84  2.95  0.03  -1.84  2.96  0.01  -1.84  2.99  0.03 
-1.41  2.96  0.01  -1.41  3.00  0.04  -1.41  3.02  0.02  -1.41  3.02  0.04 
-0.99  2.98  0.02  -0.99  3.06  0.04  -0.99  3.07  0.02  -0.99  3.02  0.03 
-0.56  3.00  0.02  -0.56  3.15  0.04  -0.56  3.11  0.02  -0.56  3.00  0.02 
-0.13  3.03  0.03  -0.13  3.27  0.05  -0.13  3.15  0.02  -0.13  2.95  0.03 
0.30   3.07  0.03  0.30   3.39  0.07  0.30   3.18  0.03  0.30   2.88  0.06 
0.73   3.10  0.03  0.73   3.51  0.10  0.73   3.17  0.05  0.73   2.79  0.09 
1.16   3.12  0.03  1.16   3.60  0.14  1.16   3.11  0.06  1.16   2.67  0.12 
1.59   3.11  0.04  1.59   3.63  0.20  1.59   3.00  0.08  1.59   2.53  0.15 
2.02   3.07  0.05  2.02   3.60  0.25  2.02   2.84  0.09  2.02   2.40  0.17 
2.45   3.01  0.05  2.45   3.54  0.28  2.45   2.68  0.09  2.45   2.29  0.20 
2.87   2.97  0.06  2.87   3.48  0.30  2.87   2.55  0.09  2.87   2.22  0.22 
3.30   2.96  0.07  3.30   3.46  0.31  3.30   2.48  0.10  3.30   2.18  0.24 
3.73   2.99  0.07  3.73   3.48  0.31  3.73   2.46  0.10  3.73   2.17  0.24 
4.16   3.05  0.08  4.16   3.53  0.31  4.16   2.48  0.10  4.16   2.16  0.24 
4.59   3.13  0.11  4.59   3.57  0.31  4.59   2.52  0.09  4.59   2.13  0.22 
5.02   3.20  0.15  5.02   3.56  0.32  5.02   2.53  0.08  5.02   2.07  0.20 
5.45   3.20  0.19  5.45   3.47  0.32  5.45   2.47  0.07  5.45   1.96  0.18 
5.88   3.14  0.20  5.88   3.29  0.31  5.88   2.35  0.05  5.88   1.84  0.17 
6.30   3.03  0.19  6.30   3.07  0.28  6.30   2.19  0.04  6.30   1.72  0.16 
6.73   2.91  0.17  6.73   2.85  0.25  6.73   2.05  0.04  6.73   1.67  0.16 
7.16   2.85  0.13  7.16   2.72  0.21  7.16   1.99  0.04  7.16   1.69  0.16 
7.59   2.91  0.09  7.59   2.70  0.18  7.59   2.04  0.04  7.59   1.84  0.18 
8.02   3.11  0.06  8.02   2.85  0.16  8.02   2.26  0.05  8.02   2.13  0.21 
8.45   3.47  0.05  8.45   3.16  0.15  8.45   2.66  0.07  8.45   2.59  0.25 
8.88   3.97  0.04  8.88   3.61  0.13  8.88   3.24  0.09  8.88   3.18  0.28 
9.31   4.48  0.06  9.31   4.10  0.10  9.31   3.93  0.12  9.31   3.78  0.30 
9.73   4.82  0.11  9.73   4.45  0.09  9.73   4.50  0.13  9.73   4.20  0.28 
10.16  4.83  0.16  10.16  4.50  0.13  10.16  4.74  0.14  10.16  4.29  0.24 
10.59  4.50  0.18  10.59  4.23  0.15  10.59  4.57  0.14  10.59  4.05  0.18 
11.02  3.97  0.19  11.02  3.77  0.15  11.02  4.11  0.13  11.02  3.68  0.13 
11.45  3.45  0.20  11.45  3.31  0.14  11.45  3.62  0.12  11.45  3.33  0.10 
11.88  3.04  0.22  11.88  2.96  0.13  11.88  3.26  0.11  11.88  3.13  0.09 
12.31  2.77  0.26  12.31  2.76  0.13  12.31  3.09  0.11  12.31  3.09  0.08 
12.74  2.60  0.29  12.74  2.65  0.13  12.74  3.07  0.11  12.74  3.15  0.08 
13.16  2.45  0.31  13.16  2.56  0.13  13.16  3.10  0.11  13.16  3.21  0.09 
13.59  2.23  0.30  13.59  2.39  0.14  13.59  3.05  0.11  13.59  3.12  0.09 
14.02  1.93  0.27  14.02  2.09  0.14  14.02  2.80  0.11  14.02  2.82  0.10 
14.45  1.56  0.21  14.45  1.70  0.13  14.45  2.36  0.10  14.45  2.36  0.10 
14.88  1.21  0.15  14.88  1.32  0.10  14.88  1.85  0.09  14.88  1.85  0.09 
15.31  0.92  0.10  15.31  0.99  0.07  15.31  1.40  0.07  15.31  1.42  0.08 
15.74  0.72  0.06  15.74  0.77  0.05  15.74  1.06  0.05  15.74  1.11  0.08 
16.17  0.61  0.04  16.17  0.63  0.03  16.17  0.84  0.03  16.17  0.92  0.07 
16.59  0.56  0.03  16.59  0.58  0.02  16.59  0.73  0.02  16.59  0.82  0.07 
17.02  0.57  0.02  17.02  0.58  0.01  17.02  0.69  0.01  17.02  0.80  0.07 
17.45  0.64  0.02  17.45  0.65  0.01  17.45  0.72  0.02  17.45  0.83  0.08 
17.88  0.75  0.02  17.88  0.76  0.03  17.88  0.80  0.02  17.88  0.90  0.08 
18.31  0.88  0.02  18.31  0.91  0.05  18.31  0.89  0.03  18.31  0.97  0.07 
18.74  0.99  0.03  18.74  1.04  0.06  18.74  0.97  0.03  18.74  1.01  0.06 
19.17  1.04  0.04  19.17  1.11  0.07  19.17  1.01  0.02  19.17  1.01  0.05 
19.60  1.04  0.05  19.60  1.11  0.07  19.60  1.00  0.02  19.60  0.97  0.03 
20.02  0.99  0.06  20.02  1.08  0.06  20.02  0.97  0.02  20.02  0.93  0.02 
20.45  0.96  0.06  20.45  1.05  0.05  20.45  0.96  0.03  20.45  0.91  0.02 
20.88  0.97  0.07  20.88  1.06  0.05  20.88  0.98  0.03  20.88  0.94  0.02 
21.31  1.04  0.08  21.31  1.15  0.06  21.31  1.06  0.03  21.31  1.01  0.03 
21.74  1.17  0.09  21.74  1.31  0.09  21.74  1.19  0.03  21.74  1.11  0.04 
22.17  1.34  0.11  22.17  1.55  0.13  22.17  1.33  0.03  22.17  1.21  0.05 
22.60  1.53  0.13  22.60  1.82  0.18  22.60  1.45  0.03  22.60  1.28  0.05 
23.02  1.70  0.16  23.02  2.08  0.25  23.02  1.52  0.03  23.02  1.31  0.06 
23.45  1.84  0.19  23.45  2.27  0.30  23.45  1.53  0.03  23.45  1.32  0.06 
23.88  1.96  0.22  23.88  2.41  0.34  23.88  1.53  0.03  23.88  1.34  0.06 
24.31  2.09  0.24  24.31  2.52  0.36  24.31  1.58  0.04  24.31  1.41  0.06 
24.74  2.28  0.25  24.74  2.66  0.35  24.74  1.72  0.05  24.74  1.55  0.07 
25.17  2.52  0.23  25.17  2.85  0.32  25.17  1.96  0.07  25.17  1.77  0.07 
25.60  2.76  0.21  25.60  3.08  0.28  25.60  2.32  0.10  25.60  2.06  0.08 
26.03  2.94  0.20  26.03  3.31  0.25  26.03  2.72  0.13  26.03  2.35  0.11 
26.45  2.98  0.19  26.45  3.47  0.26  26.45  3.05  0.13  26.45  2.56  0.15 
26.88  2.87  0.17  26.88  3.47  0.28  26.88  3.17  0.14  26.88  2.62  0.18 
27.31  2.68  0.14  27.31  3.33  0.27  27.31  3.07  0.17  27.31  2.53  0.20 
27.74  2.49  0.13  27.74  3.10  0.24  27.74  2.81  0.19  27.74  2.36  0.19 
28.17  2.37  0.15  28.17  2.88  0.21  28.17  2.54  0.18  28.17  2.21  0.17 
28.60  2.36  0.19  28.60  2.74  0.19  28.60  2.37  0.16  28.60  2.14  0.14 
29.03  2.44  0.21  29.03  2.72  0.18  29.03  2.33  0.12  29.03  2.16  0.11 
29.46  2.60  0.21  29.46  2.81  0.17  29.46  2.43  0.10  29.46  2.27  0.10 

"Date of Test: 06/30/2007
"Patient Name: M09F                               
"Age:    
"Date of Birth:   /  /    
"Sex: M
"Operator:                                    
"Referring Physician:                                    
"Medical Record Number:                                    
"Window #1: herd            
"Window #2: herd            
"Window #3: herd            
"Window #4: herd            
"Mark 1 1: 5.02  
"Mark 1 2: 10.16 
"Mark 1 3: 20.02 
"Mark 1 4: 18.00
"Mark 1 5: 20.00
"Mark 2 1: 5.02  
"Mark 2 2: 10.16 
"Mark 2 3: 20.02 
"Mark 2 4: 18.00
"Mark 2 5: 20.00
"Mark 3 1: 5.02  
"Mark 3 2: 10.16 
"Mark 3 3: 20.02 
"Mark 3 4: 18.00
"Mark 3 5: 20.00
"Mark 4 1: 5.02  
"Mark 4 2: 10.16 
"Mark 4 3: 20.02 
"Mark 4 4: 18.00
"Mark 4 5: 20.00
"AS Mn 1: 9.50  
"AS Mx 1: 20.00 
"AS Mn 2: 9.50  
"AS Mx 2: 20.00 
"AS Mn 3: 9.50  
"AS Mx 3: 20.10 
"AS Mn 4: 9.50  
"AS Mx 4: 20.00 
"Comments *:                                                                                                                                                                                                                                                 
                                                                                                                                                              
