"4 * Dist, Mean Area, Std Dev
-6.13  2.85  0.01  -6.13  2.85  0.01  -6.13  2.85  0.01  -6.13  2.85  0.01 
-5.70  2.84  0.01  -5.70  2.85  0.01  -5.70  2.85  0.01  -5.70  2.84  0.01 
-5.27  2.85  0.01  -5.27  2.85  0.01  -5.27  2.85  0.01  -5.27  2.84  0.01 
-4.84  2.85  0.01  -4.84  2.86  0.01  -4.84  2.86  0.01  -4.84  2.86  0.02 
-4.41  2.87  0.02  -4.41  2.87  0.01  -4.41  2.87  0.01  -4.41  2.88  0.02 
-3.99  2.88  0.03  -3.99  2.88  0.01  -3.99  2.89  0.01  -3.99  2.90  0.02 
-3.56  2.89  0.03  -3.56  2.88  0.01  -3.56  2.90  0.02  -3.56  2.92  0.02 
-3.13  2.89  0.04  -3.13  2.88  0.01  -3.13  2.90  0.02  -3.13  2.92  0.01 
-2.70  2.87  0.03  -2.70  2.87  0.01  -2.70  2.90  0.02  -2.70  2.92  0.01 
-2.27  2.85  0.03  -2.27  2.86  0.02  -2.27  2.89  0.02  -2.27  2.91  0.01 
-1.84  2.85  0.02  -1.84  2.87  0.01  -1.84  2.89  0.01  -1.84  2.91  0.02 
-1.41  2.88  0.02  -1.41  2.90  0.01  -1.41  2.90  0.01  -1.41  2.92  0.02 
-0.99  2.97  0.01  -0.99  3.00  0.01  -0.99  2.97  0.02  -0.99  2.99  0.02 
-0.56  3.17  0.02  -0.56  3.17  0.01  -0.56  3.10  0.02  -0.56  3.12  0.03 
-0.13  3.51  0.03  -0.13  3.47  0.02  -0.13  3.34  0.03  -0.13  3.36  0.03 
0.30   4.03  0.04  0.30   3.92  0.02  0.30   3.72  0.03  0.30   3.74  0.03 
0.73   4.75  0.06  0.73   4.53  0.03  0.73   4.28  0.05  0.73   4.26  0.03 
1.16   5.66  0.08  1.16   5.29  0.07  1.16   5.01  0.08  1.16   4.92  0.05 
1.59   6.66  0.11  1.59   6.12  0.14  1.59   5.85  0.13  1.59   5.67  0.08 
2.02   7.58  0.11  2.02   6.89  0.23  2.02   6.66  0.18  2.02   6.37  0.12 
2.45   8.22  0.09  2.45   7.43  0.31  2.45   7.24  0.22  2.45   6.86  0.15 
2.87   8.42  0.08  2.87   7.61  0.37  2.87   7.42  0.26  2.87   7.00  0.19 
3.30   8.20  0.16  3.30   7.41  0.38  3.30   7.14  0.29  3.30   6.73  0.22 
3.73   7.66  0.24  3.73   6.92  0.37  3.73   6.49  0.30  3.73   6.11  0.24 
4.16   6.95  0.29  4.16   6.25  0.35  4.16   5.63  0.31  4.16   5.28  0.24 
4.59   6.17  0.31  4.59   5.52  0.34  4.59   4.72  0.31  4.59   4.38  0.23 
5.02   5.38  0.28  5.02   4.79  0.32  5.02   3.88  0.29  5.02   3.55  0.20 
5.45   4.61  0.24  5.45   4.11  0.29  5.45   3.16  0.26  5.45   2.84  0.17 
5.88   3.89  0.18  5.88   3.50  0.24  5.88   2.58  0.22  5.88   2.30  0.14 
6.30   3.24  0.13  6.30   2.99  0.18  6.30   2.15  0.18  6.30   1.91  0.11 
6.73   2.71  0.10  6.73   2.58  0.12  6.73   1.85  0.14  6.73   1.66  0.09 
7.16   2.30  0.08  7.16   2.28  0.08  7.16   1.66  0.11  7.16   1.51  0.07 
7.59   2.01  0.06  7.59   2.07  0.04  7.59   1.55  0.09  7.59   1.45  0.06 
8.02   1.83  0.05  8.02   1.94  0.04  8.02   1.50  0.08  8.02   1.44  0.04 
8.45   1.71  0.04  8.45   1.85  0.05  8.45   1.48  0.07  8.45   1.46  0.03 
8.88   1.66  0.04  8.88   1.78  0.07  8.88   1.48  0.06  8.88   1.48  0.02 
9.31   1.64  0.04  9.31   1.72  0.08  9.31   1.47  0.06  9.31   1.48  0.02 
9.73   1.65  0.04  9.73   1.65  0.09  9.73   1.46  0.05  9.73   1.47  0.02 
10.16  1.69  0.04  10.16  1.58  0.09  10.16  1.46  0.06  10.16  1.45  0.03 
10.59  1.75  0.03  10.59  1.53  0.08  10.59  1.46  0.06  10.59  1.44  0.04 
11.02  1.83  0.04  11.02  1.50  0.07  11.02  1.49  0.07  11.02  1.46  0.05 
11.45  1.94  0.07  11.45  1.50  0.06  11.45  1.55  0.08  11.45  1.52  0.05 
11.88  2.06  0.12  11.88  1.53  0.06  11.88  1.65  0.08  11.88  1.61  0.05 
12.31  2.21  0.19  12.31  1.60  0.06  12.31  1.77  0.08  12.31  1.74  0.05 
12.74  2.39  0.25  12.74  1.70  0.07  12.74  1.92  0.07  12.74  1.90  0.05 
13.16  2.58  0.29  13.16  1.82  0.08  13.16  2.10  0.07  13.16  2.06  0.05 
13.59  2.74  0.29  13.59  1.96  0.08  13.59  2.28  0.07  13.59  2.21  0.05 
14.02  2.82  0.24  14.02  2.10  0.07  14.02  2.44  0.06  14.02  2.32  0.04 
14.45  2.76  0.15  14.45  2.21  0.04  14.45  2.55  0.05  14.45  2.38  0.04 
14.88  2.54  0.08  14.88  2.26  0.05  14.88  2.58  0.04  14.88  2.38  0.04 
15.31  2.21  0.08  15.31  2.22  0.08  15.31  2.51  0.08  15.31  2.34  0.05 
15.74  1.86  0.07  15.74  2.09  0.10  15.74  2.36  0.13  15.74  2.25  0.06 
16.17  1.56  0.04  16.17  1.89  0.12  16.17  2.14  0.17  16.17  2.13  0.06 
16.59  1.36  0.03  16.59  1.65  0.12  16.59  1.89  0.19  16.59  1.98  0.06 
17.02  1.26  0.08  17.02  1.42  0.12  17.02  1.65  0.18  17.02  1.81  0.06 
17.45  1.25  0.14  17.45  1.22  0.11  17.45  1.45  0.15  17.45  1.61  0.07 
17.88  1.31  0.19  17.88  1.07  0.09  17.88  1.29  0.11  17.88  1.41  0.06 
18.31  1.41  0.23  18.31  0.96  0.07  18.31  1.19  0.09  18.31  1.24  0.05 
18.74  1.51  0.24  18.74  0.90  0.05  18.74  1.15  0.07  18.74  1.12  0.04 
19.17  1.57  0.21  19.17  0.89  0.04  19.17  1.17  0.07  19.17  1.06  0.03 
19.60  1.58  0.15  19.60  0.94  0.05  19.60  1.24  0.07  19.60  1.06  0.03 
20.02  1.52  0.08  20.02  1.02  0.06  20.02  1.34  0.07  20.02  1.12  0.03 
20.45  1.41  0.06  20.45  1.13  0.07  20.45  1.44  0.07  20.45  1.21  0.03 
20.88  1.28  0.09  20.88  1.25  0.08  20.88  1.49  0.08  20.88  1.30  0.04 
21.31  1.15  0.10  21.31  1.35  0.08  21.31  1.47  0.08  21.31  1.35  0.03 
21.74  1.06  0.10  21.74  1.41  0.09  21.74  1.37  0.07  21.74  1.34  0.03 
22.17  1.01  0.09  22.17  1.44  0.08  22.17  1.25  0.05  22.17  1.30  0.04 
22.60  1.02  0.08  22.60  1.45  0.08  22.60  1.15  0.03  22.60  1.25  0.04 
23.02  1.09  0.08  23.02  1.47  0.09  23.02  1.11  0.03  23.02  1.24  0.04 
23.45  1.20  0.09  23.45  1.52  0.13  23.45  1.13  0.04  23.45  1.27  0.04 
23.88  1.35  0.10  23.88  1.59  0.18  23.88  1.21  0.05  23.88  1.36  0.03 
24.31  1.50  0.10  24.31  1.68  0.24  24.31  1.33  0.06  24.31  1.47  0.03 
24.74  1.65  0.09  24.74  1.76  0.27  24.74  1.45  0.07  24.74  1.57  0.04 
25.17  1.79  0.07  25.17  1.84  0.28  25.17  1.53  0.08  25.17  1.62  0.06 
25.60  1.92  0.07  25.60  1.93  0.26  25.60  1.57  0.09  25.60  1.62  0.08 
26.03  2.06  0.10  26.03  2.05  0.24  26.03  1.59  0.10  26.03  1.60  0.08 
26.45  2.22  0.17  26.45  2.22  0.23  26.45  1.63  0.12  26.45  1.60  0.07 
26.88  2.37  0.27  26.88  2.46  0.21  26.88  1.74  0.16  26.88  1.66  0.07 
27.31  2.54  0.40  27.31  2.74  0.19  27.31  1.93  0.21  27.31  1.83  0.06 
27.74  2.72  0.53  27.74  3.06  0.19  27.74  2.23  0.26  27.74  2.13  0.07 
28.17  2.91  0.62  28.17  3.36  0.22  28.17  2.62  0.28  28.17  2.54  0.08 
28.60  3.13  0.62  28.60  3.61  0.26  28.60  3.04  0.27  28.60  3.04  0.09 
29.03  3.35  0.54  29.03  3.77  0.28  29.03  3.43  0.25  29.03  3.55  0.09 
29.46  3.56  0.42  29.46  3.84  0.26  29.46  3.72  0.26  29.46  3.96  0.10 

"Date of Test: 06/30/2007
"Patient Name: M09F                               
"Age:    
"Date of Birth:   /  /    
"Sex: M
"Operator:                                    
"Referring Physician:                                    
"Medical Record Number:                                    
"Window #1: hod             
"Window #2: hod             
"Window #3: hod             
"Window #4: hod             
"Mark 1 1: 5.02  
"Mark 1 2: 10.16 
"Mark 1 3: 20.02 
"Mark 1 4: 18.00
"Mark 1 5: 20.00
"Mark 2 1: 5.02  
"Mark 2 2: 10.16 
"Mark 2 3: 20.02 
"Mark 2 4: 18.00
"Mark 2 5: 20.00
"Mark 3 1: 5.02  
"Mark 3 2: 10.16 
"Mark 3 3: 20.02 
"Mark 3 4: 18.00
"Mark 3 5: 20.00
"Mark 4 1: 5.02  
"Mark 4 2: 10.16 
"Mark 4 3: 20.02 
"Mark 4 4: 18.00
"Mark 4 5: 20.00
"AS Mn 1: 9.50  
"AS Mx 1: 20.00 
"AS Mn 2: 9.50  
"AS Mx 2: 20.00 
"AS Mn 3: 9.50  
"AS Mx 3: 20.10 
"AS Mn 4: 9.50  
"AS Mx 4: 20.00 
"Comments *:                                                                                                                                                                                                                                                 
                                                                                                                                                              
