"4 * Dist, Mean Area, Std Dev
-6.13  2.85  0.01  -6.13  2.85  0.01  -6.13  2.85  0.01  -6.13  2.85  0.01 
-5.70  2.85  0.01  -5.70  2.85  0.01  -5.70  2.85  0.01  -5.70  2.85  0.01 
-5.27  2.85  0.01  -5.27  2.86  0.01  -5.27  2.86  0.01  -5.27  2.85  0.01 
-4.84  2.86  0.01  -4.84  2.86  0.02  -4.84  2.86  0.01  -4.84  2.86  0.01 
-4.41  2.87  0.01  -4.41  2.85  0.02  -4.41  2.87  0.01  -4.41  2.87  0.01 
-3.99  2.88  0.01  -3.99  2.85  0.02  -3.99  2.87  0.01  -3.99  2.88  0.01 
-3.56  2.88  0.01  -3.56  2.84  0.02  -3.56  2.87  0.02  -3.56  2.89  0.01 
-3.13  2.87  0.01  -3.13  2.82  0.01  -3.13  2.86  0.02  -3.13  2.89  0.01 
-2.70  2.84  0.01  -2.70  2.80  0.01  -2.70  2.84  0.01  -2.70  2.89  0.01 
-2.27  2.82  0.01  -2.27  2.78  0.01  -2.27  2.82  0.02  -2.27  2.88  0.01 
-1.84  2.81  0.01  -1.84  2.78  0.02  -1.84  2.81  0.02  -1.84  2.89  0.01 
-1.41  2.85  0.01  -1.41  2.82  0.02  -1.41  2.85  0.02  -1.41  2.93  0.01 
-0.99  2.97  0.02  -0.99  2.94  0.02  -0.99  2.96  0.02  -0.99  3.02  0.02 
-0.56  3.21  0.02  -0.56  3.19  0.02  -0.56  3.20  0.02  -0.56  3.21  0.03 
-0.13  3.64  0.03  -0.13  3.64  0.02  -0.13  3.62  0.04  -0.13  3.52  0.04 
0.30   4.31  0.05  0.30   4.34  0.03  0.30   4.29  0.05  0.30   3.99  0.06 
0.73   5.27  0.09  0.73   5.36  0.04  0.73   5.27  0.07  0.73   4.66  0.07 
1.16   6.56  0.14  1.16   6.68  0.08  1.16   6.55  0.09  1.16   5.49  0.09 
1.59   8.04  0.19  1.59   8.22  0.12  1.59   8.06  0.10  1.59   6.38  0.11 
2.02   9.46  0.20  2.02   9.72  0.16  2.02   9.53  0.09  2.02   7.14  0.14 
2.45   10.41 0.16  2.45   10.84 0.18  2.45   10.63 0.11  2.45   7.53  0.18 
2.87   10.58 0.06  2.87   11.32 0.18  2.87   11.07 0.18  2.87   7.38  0.21 
3.30   9.95  0.15  3.30   11.12 0.19  3.30   10.74 0.26  3.30   6.73  0.26 
3.73   8.79  0.32  3.73   10.36 0.22  3.73   9.77  0.31  3.73   5.76  0.31 
4.16   7.44  0.45  4.16   9.27  0.25  4.16   8.45  0.33  4.16   4.69  0.34 
4.59   6.12  0.50  4.59   8.05  0.28  4.59   7.03  0.34  4.59   3.69  0.33 
5.02   4.96  0.48  5.02   6.85  0.29  5.02   5.70  0.34  5.02   2.84  0.29 
5.45   3.98  0.40  5.45   5.73  0.30  5.45   4.57  0.33  5.45   2.19  0.24 
5.88   3.19  0.30  5.88   4.74  0.31  5.88   3.66  0.31  5.88   1.71  0.19 
6.30   2.58  0.20  6.30   3.90  0.32  6.30   2.95  0.28  6.30   1.39  0.15 
6.73   2.14  0.13  6.73   3.21  0.32  6.73   2.42  0.23  6.73   1.19  0.11 
7.16   1.84  0.08  7.16   2.66  0.30  7.16   2.03  0.18  7.16   1.10  0.08 
7.59   1.66  0.07  7.59   2.25  0.26  7.59   1.74  0.14  7.59   1.07  0.06 
8.02   1.57  0.08  8.02   1.95  0.22  8.02   1.54  0.11  8.02   1.11  0.05 
8.45   1.54  0.09  8.45   1.75  0.17  8.45   1.40  0.09  8.45   1.16  0.05 
8.88   1.55  0.09  8.88   1.64  0.14  8.88   1.34  0.07  8.88   1.23  0.05 
9.31   1.59  0.09  9.31   1.60  0.12  9.31   1.32  0.06  9.31   1.28  0.06 
9.73   1.64  0.09  9.73   1.61  0.10  9.73   1.34  0.05  9.73   1.31  0.06 
10.16  1.70  0.08  10.16  1.65  0.10  10.16  1.38  0.05  10.16  1.34  0.08 
10.59  1.75  0.08  10.59  1.72  0.09  10.59  1.43  0.05  10.59  1.38  0.09 
11.02  1.78  0.08  11.02  1.80  0.09  11.02  1.46  0.06  11.02  1.44  0.09 
11.45  1.80  0.09  11.45  1.89  0.09  11.45  1.49  0.08  11.45  1.53  0.09 
11.88  1.80  0.11  11.88  1.99  0.10  11.88  1.52  0.11  11.88  1.65  0.08 
12.31  1.82  0.13  12.31  2.11  0.10  12.31  1.57  0.14  12.31  1.80  0.08 
12.74  1.87  0.15  12.74  2.23  0.10  12.74  1.64  0.16  12.74  1.97  0.08 
13.16  1.97  0.17  13.16  2.32  0.11  13.16  1.74  0.16  13.16  2.14  0.09 
13.59  2.12  0.17  13.59  2.35  0.14  13.59  1.84  0.16  13.59  2.31  0.10 
14.02  2.28  0.15  14.02  2.33  0.19  14.02  1.93  0.14  14.02  2.45  0.10 
14.45  2.39  0.08  14.45  2.25  0.24  14.45  1.99  0.10  14.45  2.54  0.09 
14.88  2.38  0.04  14.88  2.15  0.28  14.88  2.03  0.05  14.88  2.57  0.08 
15.31  2.26  0.10  15.31  2.06  0.30  15.31  2.04  0.06  15.31  2.58  0.06 
15.74  2.09  0.14  15.74  2.01  0.30  15.74  2.05  0.11  15.74  2.57  0.06 
16.17  1.92  0.14  16.17  2.02  0.31  16.17  2.06  0.13  16.17  2.56  0.09 
16.59  1.81  0.12  16.59  2.10  0.35  16.59  2.10  0.13  16.59  2.55  0.13 
17.02  1.77  0.12  17.02  2.23  0.43  17.02  2.18  0.09  17.02  2.49  0.18 
17.45  1.77  0.14  17.45  2.39  0.56  17.45  2.30  0.05  17.45  2.37  0.22 
17.88  1.81  0.16  17.88  2.52  0.70  17.88  2.44  0.07  17.88  2.18  0.25 
18.31  1.83  0.16  18.31  2.55  0.81  18.31  2.55  0.13  18.31  1.97  0.26 
18.74  1.84  0.14  18.74  2.43  0.83  18.74  2.58  0.17  18.74  1.79  0.25 
19.17  1.83  0.11  19.17  2.21  0.76  19.17  2.50  0.22  19.17  1.69  0.24 
19.60  1.79  0.10  19.60  1.95  0.63  19.60  2.34  0.25  19.60  1.69  0.23 
20.02  1.71  0.13  20.02  1.74  0.50  20.02  2.14  0.26  20.02  1.77  0.22 
20.45  1.60  0.17  20.45  1.62  0.38  20.45  1.98  0.25  20.45  1.88  0.20 
20.88  1.45  0.18  20.88  1.61  0.30  20.88  1.87  0.24  20.88  1.94  0.16 
21.31  1.30  0.17  21.31  1.66  0.24  21.31  1.83  0.21  21.31  1.88  0.12 
21.74  1.17  0.14  21.74  1.72  0.22  21.74  1.82  0.17  21.74  1.69  0.10 
22.17  1.09  0.10  22.17  1.73  0.22  22.17  1.81  0.12  22.17  1.45  0.09 
22.60  1.07  0.07  22.60  1.65  0.22  22.60  1.78  0.09  22.60  1.23  0.07 
23.02  1.11  0.05  23.02  1.51  0.22  23.02  1.71  0.10  23.02  1.08  0.05 
23.45  1.19  0.05  23.45  1.34  0.20  23.45  1.63  0.11  23.45  1.02  0.04 
23.88  1.28  0.05  23.88  1.22  0.17  23.88  1.56  0.11  23.88  1.04  0.03 
24.31  1.36  0.06  24.31  1.17  0.13  24.31  1.52  0.13  24.31  1.13  0.04 
24.74  1.42  0.07  24.74  1.20  0.08  24.74  1.49  0.15  24.74  1.27  0.05 
25.17  1.45  0.08  25.17  1.31  0.09  25.17  1.47  0.17  25.17  1.42  0.05 
25.60  1.49  0.08  25.60  1.48  0.18  25.60  1.44  0.17  25.60  1.54  0.06 
26.03  1.54  0.09  26.03  1.70  0.31  26.03  1.41  0.14  26.03  1.60  0.07 
26.45  1.62  0.11  26.45  1.90  0.45  26.45  1.38  0.10  26.45  1.59  0.09 
26.88  1.72  0.12  26.88  2.05  0.57  26.88  1.39  0.08  26.88  1.55  0.13 
27.31  1.84  0.12  27.31  2.10  0.64  27.31  1.44  0.11  27.31  1.51  0.16 
27.74  1.97  0.14  27.74  2.06  0.68  27.74  1.53  0.15  27.74  1.53  0.20 
28.17  2.12  0.17  28.17  2.00  0.69  28.17  1.65  0.17  28.17  1.61  0.24 
28.60  2.27  0.21  28.60  1.94  0.68  28.60  1.78  0.15  28.60  1.77  0.28 
29.03  2.41  0.23  29.03  1.92  0.67  29.03  1.91  0.12  29.03  2.00  0.34 
29.46  2.52  0.24  29.46  1.95  0.64  29.46  2.03  0.10  29.46  2.26  0.39 

"Date of Test: 06/30/2007
"Patient Name: M09F                               
"Age:    
"Date of Birth:   /  /    
"Sex: M
"Operator:                                    
"Referring Physician:                                    
"Medical Record Number:                                    
"Window #1: hoard           
"Window #2: hoard           
"Window #3: hoard           
"Window #4: hoard           
"Mark 1 1: 5.02  
"Mark 1 2: 10.16 
"Mark 1 3: 20.02 
"Mark 1 4: 18.00
"Mark 1 5: 20.00
"Mark 2 1: 5.02  
"Mark 2 2: 10.16 
"Mark 2 3: 20.02 
"Mark 2 4: 18.00
"Mark 2 5: 20.00
"Mark 3 1: 5.02  
"Mark 3 2: 10.16 
"Mark 3 3: 20.02 
"Mark 3 4: 18.00
"Mark 3 5: 20.00
"Mark 4 1: 5.02  
"Mark 4 2: 10.16 
"Mark 4 3: 20.02 
"Mark 4 4: 18.00
"Mark 4 5: 20.00
"AS Mn 1: 9.50  
"AS Mx 1: 20.00 
"AS Mn 2: 9.50  
"AS Mx 2: 20.00 
"AS Mn 3: 9.50  
"AS Mx 3: 20.10 
"AS Mn 4: 9.50  
"AS Mx 4: 20.00 
"Comments *:                                                                                                                                                                                                                                                 
                                                                                                                                                              
