"4 * Dist, Mean Area, Std Dev
-6.13  2.85  0.01  -6.13  2.85  0.01  -6.13  2.85  0.01  -6.13  2.85  0.01 
-5.70  2.85  0.01  -5.70  2.85  0.01  -5.70  2.86  0.01  -5.70  2.86  0.01 
-5.27  2.85  0.01  -5.27  2.85  0.01  -5.27  2.85  0.01  -5.27  2.85  0.01 
-4.84  2.84  0.02  -4.84  2.84  0.01  -4.84  2.84  0.01  -4.84  2.84  0.01 
-4.41  2.83  0.01  -4.41  2.83  0.02  -4.41  2.83  0.01  -4.41  2.83  0.01 
-3.99  2.83  0.01  -3.99  2.83  0.01  -3.99  2.82  0.01  -3.99  2.82  0.02 
-3.56  2.84  0.01  -3.56  2.83  0.01  -3.56  2.82  0.01  -3.56  2.83  0.02 
-3.13  2.86  0.01  -3.13  2.85  0.01  -3.13  2.84  0.01  -3.13  2.84  0.02 
-2.70  2.88  0.01  -2.70  2.87  0.01  -2.70  2.85  0.02  -2.70  2.87  0.02 
-2.27  2.91  0.01  -2.27  2.89  0.02  -2.27  2.87  0.02  -2.27  2.90  0.03 
-1.84  2.94  0.01  -1.84  2.91  0.02  -1.84  2.88  0.03  -1.84  2.92  0.03 
-1.41  2.98  0.02  -1.41  2.94  0.02  -1.41  2.91  0.03  -1.41  2.95  0.03 
-0.99  3.04  0.02  -0.99  3.00  0.02  -0.99  2.98  0.04  -0.99  3.00  0.02 
-0.56  3.14  0.02  -0.56  3.10  0.02  -0.56  3.12  0.05  -0.56  3.10  0.03 
-0.13  3.29  0.03  -0.13  3.27  0.02  -0.13  3.36  0.05  -0.13  3.27  0.06 
0.30   3.49  0.02  0.30   3.50  0.03  0.30   3.71  0.06  0.30   3.52  0.10 
0.73   3.71  0.03  0.73   3.77  0.05  0.73   4.16  0.09  0.73   3.85  0.15 
1.16   3.92  0.08  1.16   4.02  0.08  1.16   4.65  0.17  1.16   4.20  0.21 
1.59   4.07  0.16  1.59   4.14  0.11  1.59   5.05  0.29  1.59   4.50  0.27 
2.02   4.10  0.25  2.02   4.09  0.14  2.02   5.21  0.44  2.02   4.68  0.32 
2.45   4.02  0.34  2.45   3.86  0.15  2.45   5.06  0.58  2.45   4.67  0.36 
2.87   3.84  0.42  2.87   3.49  0.16  2.87   4.63  0.68  2.87   4.48  0.38 
3.30   3.63  0.46  3.30   3.09  0.15  3.30   4.03  0.72  3.30   4.17  0.37 
3.73   3.41  0.48  3.73   2.72  0.14  3.73   3.41  0.70  3.73   3.79  0.34 
4.16   3.20  0.48  4.16   2.42  0.13  4.16   2.86  0.64  4.16   3.41  0.30 
4.59   3.02  0.45  4.59   2.20  0.13  4.59   2.42  0.56  4.59   3.07  0.25 
5.02   2.85  0.41  5.02   2.03  0.13  5.02   2.09  0.49  5.02   2.77  0.22 
5.45   2.69  0.37  5.45   1.91  0.14  5.45   1.85  0.43  5.45   2.53  0.20 
5.88   2.55  0.33  5.88   1.82  0.15  5.88   1.68  0.40  5.88   2.36  0.18 
6.30   2.43  0.30  6.30   1.75  0.17  6.30   1.58  0.39  6.30   2.25  0.18 
6.73   2.38  0.28  6.73   1.72  0.19  6.73   1.55  0.42  6.73   2.23  0.19 
7.16   2.40  0.26  7.16   1.72  0.21  7.16   1.57  0.47  7.16   2.29  0.20 
7.59   2.53  0.25  7.59   1.79  0.23  7.59   1.66  0.55  7.59   2.46  0.22 
8.02   2.77  0.24  8.02   1.94  0.25  8.02   1.82  0.65  8.02   2.73  0.24 
8.45   3.13  0.20  8.45   2.20  0.28  8.45   2.05  0.76  8.45   3.06  0.26 
8.88   3.57  0.14  8.88   2.59  0.33  8.88   2.33  0.86  8.88   3.43  0.29 
9.31   4.00  0.08  9.31   3.10  0.38  9.31   2.64  0.93  9.31   3.73  0.32 
9.73   4.30  0.16  9.73   3.67  0.43  9.73   2.95  0.95  9.73   3.90  0.35 
10.16  4.36  0.28  10.16  4.17  0.48  10.16  3.21  0.92  10.16  3.91  0.38 
10.59  4.20  0.34  10.59  4.47  0.50  10.59  3.41  0.84  10.59  3.78  0.41 
11.02  3.91  0.33  11.02  4.54  0.49  11.02  3.55  0.74  11.02  3.59  0.41 
11.45  3.64  0.28  11.45  4.46  0.43  11.45  3.65  0.61  11.45  3.42  0.39 
11.88  3.45  0.23  11.88  4.38  0.35  11.88  3.77  0.46  11.88  3.31  0.34 
12.31  3.35  0.19  12.31  4.40  0.26  12.31  3.93  0.31  12.31  3.26  0.27 
12.74  3.28  0.19  12.74  4.54  0.17  12.74  4.13  0.26  12.74  3.23  0.20 
13.16  3.13  0.21  13.16  4.73  0.14  13.16  4.32  0.43  13.16  3.12  0.15 
13.59  2.81  0.24  13.59  4.79  0.16  13.59  4.39  0.66  13.59  2.88  0.15 
14.02  2.33  0.25  14.02  4.58  0.18  14.02  4.24  0.82  14.02  2.47  0.16 
14.45  1.80  0.23  14.45  4.07  0.17  14.45  3.86  0.86  14.45  1.99  0.15 
14.88  1.35  0.19  14.88  3.40  0.14  14.88  3.34  0.81  14.88  1.52  0.12 
15.31  1.01  0.15  15.31  2.74  0.11  15.31  2.81  0.71  15.31  1.16  0.09 
15.74  0.80  0.11  15.74  2.21  0.10  15.74  2.38  0.62  15.74  0.90  0.07 
16.17  0.70  0.08  16.17  1.85  0.09  16.17  2.09  0.57  16.17  0.76  0.05 
16.59  0.67  0.07  16.59  1.64  0.09  16.59  1.95  0.56  16.59  0.71  0.03 
17.02  0.72  0.05  17.02  1.55  0.11  17.02  1.91  0.57  17.02  0.73  0.02 
17.45  0.81  0.05  17.45  1.53  0.13  17.45  1.93  0.60  17.45  0.81  0.02 
17.88  0.92  0.04  17.88  1.55  0.16  17.88  1.95  0.62  17.88  0.91  0.04 
18.31  1.01  0.04  18.31  1.54  0.17  18.31  1.91  0.61  18.31  0.99  0.04 
18.74  1.03  0.05  18.74  1.47  0.16  18.74  1.78  0.56  18.74  1.00  0.05 
19.17  0.98  0.05  19.17  1.33  0.13  19.17  1.57  0.47  19.17  0.95  0.04 
19.60  0.89  0.04  19.60  1.14  0.09  19.60  1.33  0.36  19.60  0.85  0.03 
20.02  0.81  0.03  20.02  0.96  0.06  20.02  1.12  0.26  20.02  0.75  0.02 
20.45  0.77  0.02  20.45  0.82  0.04  20.45  0.96  0.19  20.45  0.69  0.02 
20.88  0.81  0.05  20.88  0.76  0.04  20.88  0.87  0.14  20.88  0.69  0.03 
21.31  0.94  0.09  21.31  0.76  0.04  21.31  0.85  0.11  21.31  0.76  0.05 
21.74  1.16  0.16  21.74  0.83  0.06  21.74  0.87  0.10  21.74  0.90  0.09 
22.17  1.45  0.24  22.17  0.94  0.09  22.17  0.95  0.09  22.17  1.12  0.13 
22.60  1.75  0.30  22.60  1.07  0.11  22.60  1.06  0.07  22.60  1.39  0.16 
23.02  1.96  0.32  23.02  1.17  0.12  23.02  1.17  0.06  23.02  1.66  0.16 
23.45  2.04  0.28  23.45  1.22  0.11  23.45  1.27  0.08  23.45  1.86  0.14 
23.88  2.04  0.22  23.88  1.21  0.08  23.88  1.33  0.12  23.88  1.97  0.11 
24.31  2.02  0.16  24.31  1.17  0.06  24.31  1.32  0.16  24.31  2.01  0.09 
24.74  2.07  0.12  24.74  1.14  0.06  24.74  1.27  0.19  24.74  2.02  0.10 
25.17  2.22  0.12  25.17  1.12  0.07  25.17  1.20  0.21  25.17  2.07  0.14 
25.60  2.44  0.16  25.60  1.13  0.07  25.60  1.15  0.23  25.60  2.18  0.19 
26.03  2.69  0.22  26.03  1.15  0.06  26.03  1.15  0.25  26.03  2.36  0.25 
26.45  2.86  0.27  26.45  1.20  0.08  26.45  1.21  0.29  26.45  2.58  0.29 
26.88  2.91  0.29  26.88  1.27  0.12  26.88  1.34  0.36  26.88  2.77  0.28 
27.31  2.84  0.26  27.31  1.37  0.17  27.31  1.53  0.44  27.31  2.88  0.21 
27.74  2.71  0.21  27.74  1.50  0.20  27.74  1.76  0.55  27.74  2.88  0.16 
28.17  2.61  0.17  28.17  1.63  0.21  28.17  1.98  0.65  28.17  2.81  0.18 
28.60  2.59  0.17  28.60  1.75  0.20  28.60  2.14  0.71  28.60  2.71  0.21 
29.03  2.66  0.21  29.03  1.85  0.19  29.03  2.20  0.71  29.03  2.63  0.20 
29.46  2.83  0.25  29.46  1.91  0.19  29.46  2.19  0.66  29.46  2.61  0.17 

"Date of Test: 06/30/2007
"Patient Name: M09F                               
"Age:    
"Date of Birth:   /  /    
"Sex: M
"Operator:                                    
"Referring Physician:                                    
"Medical Record Number:                                    
"Window #1: who'd           
"Window #2: who'd           
"Window #3: who'd           
"Window #4: who'd           
"Mark 1 1: 5.02  
"Mark 1 2: 10.16 
"Mark 1 3: 20.02 
"Mark 1 4: 18.00
"Mark 1 5: 20.00
"Mark 2 1: 5.02  
"Mark 2 2: 10.16 
"Mark 2 3: 20.02 
"Mark 2 4: 18.00
"Mark 2 5: 20.00
"Mark 3 1: 5.02  
"Mark 3 2: 10.16 
"Mark 3 3: 20.02 
"Mark 3 4: 18.00
"Mark 3 5: 20.00
"Mark 4 1: 5.02  
"Mark 4 2: 10.16 
"Mark 4 3: 20.02 
"Mark 4 4: 18.00
"Mark 4 5: 20.00
"AS Mn 1: 9.50  
"AS Mx 1: 20.00 
"AS Mn 2: 9.50  
"AS Mx 2: 20.00 
"AS Mn 3: 9.50  
"AS Mx 3: 20.10 
"AS Mn 4: 9.50  
"AS Mx 4: 20.00 
"Comments *:                                                                                                                                                                                                                                                 
                                                                                                                                                              
