"4 * Dist, Mean Area, Std Dev
-6.13  2.85  0.01  -6.13  2.85  0.01  -6.13  2.85  0.01  -6.13  2.85  0.01 
-5.70  2.84  0.01  -5.70  2.86  0.01  -5.70  2.87  0.01  -5.70  2.87  0.01 
-5.27  2.84  0.01  -5.27  2.86  0.01  -5.27  2.87  0.01  -5.27  2.87  0.01 
-4.84  2.86  0.01  -4.84  2.85  0.02  -4.84  2.84  0.01  -4.84  2.84  0.01 
-4.41  2.88  0.03  -4.41  2.84  0.03  -4.41  2.81  0.01  -4.41  2.81  0.02 
-3.99  2.90  0.04  -3.99  2.84  0.05  -3.99  2.80  0.01  -3.99  2.80  0.02 
-3.56  2.90  0.05  -3.56  2.83  0.06  -3.56  2.82  0.01  -3.56  2.81  0.02 
-3.13  2.89  0.04  -3.13  2.83  0.05  -3.13  2.87  0.01  -3.13  2.86  0.01 
-2.70  2.86  0.03  -2.70  2.82  0.04  -2.70  2.93  0.01  -2.70  2.92  0.01 
-2.27  2.83  0.02  -2.27  2.81  0.03  -2.27  2.99  0.01  -2.27  2.98  0.02 
-1.84  2.82  0.03  -1.84  2.82  0.03  -1.84  3.04  0.02  -1.84  3.03  0.02 
-1.41  2.87  0.03  -1.41  2.86  0.03  -1.41  3.10  0.02  -1.41  3.08  0.01 
-0.99  3.01  0.04  -0.99  2.96  0.03  -0.99  3.17  0.02  -0.99  3.14  0.02 
-0.56  3.28  0.05  -0.56  3.17  0.04  -0.56  3.26  0.02  -0.56  3.22  0.03 
-0.13  3.72  0.06  -0.13  3.51  0.04  -0.13  3.35  0.02  -0.13  3.31  0.06 
0.30   4.39  0.07  0.30   4.02  0.05  0.30   3.42  0.04  0.30   3.37  0.08 
0.73   5.29  0.09  0.73   4.67  0.05  0.73   3.40  0.05  0.73   3.35  0.10 
1.16   6.35  0.12  1.16   5.39  0.06  1.16   3.24  0.05  1.16   3.23  0.11 
1.59   7.36  0.15  1.59   6.00  0.09  1.59   2.95  0.06  1.59   2.98  0.10 
2.02   8.03  0.18  2.02   6.29  0.12  2.02   2.55  0.07  2.02   2.64  0.07 
2.45   8.11  0.19  2.45   6.13  0.13  2.45   2.12  0.06  2.45   2.25  0.04 
2.87   7.59  0.18  2.87   5.56  0.13  2.87   1.70  0.05  2.87   1.87  0.03 
3.30   6.70  0.16  3.30   4.78  0.12  3.30   1.35  0.04  3.30   1.52  0.04 
3.73   5.71  0.14  3.73   3.98  0.11  3.73   1.08  0.03  3.73   1.24  0.03 
4.16   4.81  0.12  4.16   3.30  0.08  4.16   0.89  0.02  4.16   1.01  0.02 
4.59   4.08  0.10  4.59   2.77  0.06  4.59   0.75  0.02  4.59   0.84  0.01 
5.02   3.50  0.08  5.02   2.38  0.04  5.02   0.66  0.01  5.02   0.70  0.01 
5.45   3.05  0.06  5.45   2.09  0.03  5.45   0.59  0.01  5.45   0.60  0.01 
5.88   2.70  0.04  5.88   1.89  0.03  5.88   0.53  0.01  5.88   0.51  0.02 
6.30   2.45  0.03  6.30   1.74  0.03  6.30   0.47  0.01  6.30   0.44  0.01 
6.73   2.27  0.04  6.73   1.64  0.04  6.73   0.41  0.01  6.73   0.38  0.01 
7.16   2.17  0.07  7.16   1.59  0.05  7.16   0.38  0.01  7.16   0.35  0.01 
7.59   2.12  0.10  7.59   1.60  0.06  7.59   0.36  0.01  7.59   0.35  0.01 
8.02   2.14  0.12  8.02   1.66  0.07  8.02   0.39  0.01  8.02   0.38  0.01 
8.45   2.19  0.13  8.45   1.79  0.08  8.45   0.46  0.01  8.45   0.46  0.01 
8.88   2.29  0.12  8.88   1.98  0.09  8.88   0.59  0.01  8.88   0.60  0.01 
9.31   2.42  0.10  9.31   2.24  0.11  9.31   0.78  0.02  9.31   0.81  0.01 
9.73   2.59  0.06  9.73   2.53  0.12  9.73   1.00  0.02  9.73   1.06  0.02 
10.16  2.76  0.04  10.16  2.80  0.12  10.16  1.21  0.02  10.16  1.28  0.03 
10.59  2.91  0.10  10.59  2.99  0.13  10.59  1.34  0.02  10.59  1.40  0.05 
11.02  2.99  0.17  11.02  3.10  0.14  11.02  1.37  0.02  11.02  1.41  0.06 
11.45  3.00  0.22  11.45  3.12  0.15  11.45  1.33  0.02  11.45  1.34  0.05 
11.88  2.95  0.23  11.88  3.11  0.16  11.88  1.29  0.01  11.88  1.28  0.04 
12.31  2.91  0.23  12.31  3.11  0.18  12.31  1.29  0.02  12.31  1.27  0.03 
12.74  2.91  0.20  12.74  3.16  0.18  12.74  1.37  0.03  12.74  1.34  0.02 
13.16  2.97  0.17  13.16  3.25  0.18  13.16  1.52  0.04  13.16  1.50  0.03 
13.59  3.06  0.13  13.59  3.32  0.17  13.59  1.74  0.05  13.59  1.75  0.04 
14.02  3.12  0.09  14.02  3.33  0.14  14.02  2.00  0.05  14.02  2.05  0.04 
14.45  3.08  0.06  14.45  3.23  0.11  14.45  2.25  0.04  14.45  2.34  0.04 
14.88  2.93  0.06  14.88  3.03  0.10  14.88  2.42  0.04  14.88  2.54  0.06 
15.31  2.72  0.06  15.31  2.79  0.10  15.31  2.46  0.05  15.31  2.59  0.08 
15.74  2.51  0.06  15.74  2.56  0.11  15.74  2.37  0.05  15.74  2.49  0.09 
16.17  2.37  0.05  16.17  2.41  0.11  16.17  2.22  0.06  16.17  2.33  0.09 
16.59  2.32  0.07  16.59  2.36  0.10  16.59  2.07  0.06  16.59  2.19  0.08 
17.02  2.36  0.11  17.02  2.40  0.10  17.02  1.99  0.06  17.02  2.12  0.06 
17.45  2.43  0.15  17.45  2.51  0.10  17.45  2.00  0.05  17.45  2.14  0.06 
17.88  2.50  0.17  17.88  2.64  0.10  17.88  2.08  0.04  17.88  2.22  0.06 
18.31  2.52  0.16  18.31  2.74  0.11  18.31  2.17  0.04  18.31  2.28  0.07 
18.74  2.50  0.12  18.74  2.77  0.11  18.74  2.20  0.05  18.74  2.28  0.07 
19.17  2.46  0.09  19.17  2.70  0.12  19.17  2.15  0.06  19.17  2.19  0.07 
19.60  2.42  0.10  19.60  2.57  0.13  19.60  2.03  0.07  19.60  2.05  0.07 
20.02  2.42  0.13  20.02  2.41  0.14  20.02  1.91  0.07  20.02  1.94  0.06 
20.45  2.45  0.15  20.45  2.29  0.15  20.45  1.86  0.07  20.45  1.91  0.06 
20.88  2.51  0.15  20.88  2.23  0.16  20.88  1.91  0.07  20.88  1.99  0.06 
21.31  2.61  0.14  21.31  2.25  0.17  21.31  2.07  0.08  21.31  2.16  0.07 
21.74  2.76  0.13  21.74  2.35  0.17  21.74  2.31  0.09  21.74  2.41  0.08 
22.17  2.94  0.11  22.17  2.55  0.18  22.17  2.57  0.11  22.17  2.66  0.11 
22.60  3.13  0.11  22.60  2.80  0.20  22.60  2.78  0.12  22.60  2.86  0.14 
23.02  3.27  0.13  23.02  3.09  0.23  23.02  2.89  0.14  23.02  2.97  0.16 
23.45  3.30  0.15  23.45  3.35  0.26  23.45  2.91  0.15  23.45  2.98  0.16 
23.88  3.20  0.16  23.88  3.52  0.28  23.88  2.87  0.16  23.88  2.94  0.16 
24.31  3.01  0.15  24.31  3.54  0.29  24.31  2.82  0.16  24.31  2.87  0.15 
24.74  2.84  0.14  24.74  3.42  0.30  24.74  2.77  0.16  24.74  2.80  0.15 
25.17  2.77  0.13  25.17  3.22  0.29  25.17  2.75  0.17  25.17  2.75  0.14 
25.60  2.87  0.15  25.60  3.05  0.28  25.60  2.75  0.18  25.60  2.73  0.15 
26.03  3.18  0.20  26.03  2.98  0.26  26.03  2.77  0.18  26.03  2.75  0.17 
26.45  3.67  0.25  26.45  3.06  0.26  26.45  2.82  0.18  26.45  2.81  0.19 
26.88  4.27  0.30  26.88  3.32  0.29  26.88  2.90  0.19  26.88  2.89  0.20 
27.31  4.82  0.31  27.31  3.73  0.36  27.31  2.99  0.20  27.31  2.97  0.21 
27.74  5.16  0.32  27.74  4.22  0.45  27.74  3.06  0.22  27.74  3.02  0.21 
28.17  5.21  0.33  28.17  4.66  0.52  28.17  3.10  0.24  28.17  3.06  0.22 
28.60  5.01  0.35  28.60  4.93  0.56  28.60  3.13  0.26  28.60  3.09  0.23 
29.03  4.68  0.35  29.03  4.98  0.57  29.03  3.17  0.28  29.03  3.17  0.25 
29.46  4.32  0.34  29.46  4.86  0.57  29.46  3.24  0.29  29.46  3.29  0.28 

"Date of Test: 06/30/2007
"Patient Name: M09F                               
"Age:    
"Date of Birth:   /  /    
"Sex: M
"Operator:                                    
"Referring Physician:                                    
"Medical Record Number:                                    
"Window #1: exhale          
"Window #2: exhale          
"Window #3: nexhale         
"Window #4: nexhale         
"Mark 1 1: 5.02  
"Mark 1 2: 10.16 
"Mark 1 3: 20.02 
"Mark 1 4: 18.00
"Mark 1 5: 20.00
"Mark 2 1: 5.02  
"Mark 2 2: 10.16 
"Mark 2 3: 20.02 
"Mark 2 4: 18.00
"Mark 2 5: 20.00
"Mark 3 1: 5.02  
"Mark 3 2: 10.16 
"Mark 3 3: 20.02 
"Mark 3 4: 18.00
"Mark 3 5: 20.00
"Mark 4 1: 5.02  
"Mark 4 2: 10.16 
"Mark 4 3: 20.02 
"Mark 4 4: 18.00
"Mark 4 5: 20.00
"AS Mn 1: 9.50  
"AS Mx 1: 20.00 
"AS Mn 2: 9.50  
"AS Mx 2: 20.00 
"AS Mn 3: 9.50  
"AS Mx 3: 20.10 
"AS Mn 4: 9.50  
"AS Mx 4: 20.00 
"Comments *:                                                                                                                                                                                                                                                 
                                                                                                                                                              
