"4 * Dist, Mean Area, Std Dev
-6.13  2.85  0.01  -6.13  2.85  0.01  -6.13  2.85  0.01  -6.13  2.85  0.01 
-5.70  2.84  0.01  -5.70  2.84  0.01  -5.70  2.86  0.01  -5.70  2.86  0.01 
-5.27  2.85  0.01  -5.27  2.84  0.01  -5.27  2.86  0.01  -5.27  2.86  0.01 
-4.84  2.88  0.02  -4.84  2.87  0.01  -4.84  2.85  0.01  -4.84  2.86  0.01 
-4.41  2.91  0.04  -4.41  2.91  0.01  -4.41  2.84  0.01  -4.41  2.85  0.02 
-3.99  2.92  0.05  -3.99  2.94  0.01  -3.99  2.83  0.02  -3.99  2.85  0.02 
-3.56  2.91  0.06  -3.56  2.94  0.01  -3.56  2.82  0.02  -3.56  2.84  0.01 
-3.13  2.88  0.06  -3.13  2.92  0.01  -3.13  2.81  0.01  -3.13  2.83  0.01 
-2.70  2.84  0.04  -2.70  2.88  0.01  -2.70  2.80  0.01  -2.70  2.82  0.01 
-2.27  2.81  0.03  -2.27  2.84  0.01  -2.27  2.80  0.01  -2.27  2.82  0.01 
-1.84  2.81  0.03  -1.84  2.84  0.01  -1.84  2.82  0.01  -1.84  2.83  0.01 
-1.41  2.87  0.04  -1.41  2.89  0.02  -1.41  2.86  0.01  -1.41  2.88  0.02 
-0.99  3.03  0.04  -0.99  3.03  0.02  -0.99  2.96  0.02  -0.99  2.99  0.02 
-0.56  3.33  0.05  -0.56  3.29  0.02  -0.56  3.16  0.02  -0.56  3.19  0.02 
-0.13  3.83  0.06  -0.13  3.73  0.02  -0.13  3.51  0.02  -0.13  3.54  0.02 
0.30   4.62  0.08  0.30   4.43  0.02  0.30   4.04  0.03  0.30   4.07  0.02 
0.73   5.78  0.10  0.73   5.44  0.05  0.73   4.78  0.05  0.73   4.82  0.02 
1.16   7.32  0.16  1.16   6.77  0.09  1.16   5.73  0.08  1.16   5.76  0.05 
1.59   9.10  0.28  1.59   8.30  0.15  1.59   6.79  0.12  1.59   6.80  0.09 
2.02   10.77 0.46  2.02   9.74  0.22  2.02   7.78  0.15  2.02   7.72  0.12 
2.45   11.89 0.66  2.45   10.71 0.29  2.45   8.48  0.17  2.45   8.33  0.14 
2.87   12.17 0.82  2.87   10.97 0.33  2.87   8.76  0.18  2.87   8.51  0.13 
3.30   11.70 0.86  3.30   10.55 0.33  3.30   8.61  0.17  3.30   8.31  0.12 
3.73   10.77 0.79  3.73   9.70  0.32  3.73   8.14  0.15  3.73   7.86  0.11 
4.16   9.69  0.65  4.16   8.68  0.31  4.16   7.48  0.12  4.16   7.29  0.12 
4.59   8.61  0.49  4.59   7.64  0.31  4.59   6.75  0.10  4.59   6.68  0.13 
5.02   7.59  0.34  5.02   6.65  0.35  5.02   6.00  0.10  5.02   6.06  0.13 
5.45   6.63  0.24  5.45   5.74  0.39  5.45   5.26  0.11  5.45   5.45  0.12 
5.88   5.75  0.19  5.88   4.95  0.42  5.88   4.59  0.12  5.88   4.86  0.11 
6.30   4.97  0.19  6.30   4.30  0.43  6.30   4.01  0.13  6.30   4.36  0.09 
6.73   4.33  0.20  6.73   3.80  0.41  6.73   3.55  0.13  6.73   3.94  0.08 
7.16   3.80  0.20  7.16   3.44  0.37  7.16   3.20  0.13  7.16   3.61  0.06 
7.59   3.34  0.19  7.59   3.16  0.31  7.59   2.95  0.12  7.59   3.34  0.05 
8.02   2.93  0.17  8.02   2.90  0.23  8.02   2.74  0.12  8.02   3.09  0.05 
8.45   2.54  0.16  8.45   2.64  0.12  8.45   2.54  0.12  8.45   2.80  0.05 
8.88   2.17  0.15  8.88   2.36  0.04  8.88   2.32  0.10  8.88   2.48  0.06 
9.31   1.84  0.16  9.31   2.08  0.09  9.31   2.06  0.09  9.31   2.13  0.06 
9.73   1.58  0.18  9.73   1.84  0.16  9.73   1.80  0.08  9.73   1.79  0.06 
10.16  1.39  0.20  10.16  1.64  0.21  10.16  1.55  0.08  10.16  1.49  0.06 
10.59  1.27  0.23  10.59  1.51  0.24  10.59  1.35  0.09  10.59  1.26  0.05 
11.02  1.21  0.26  11.02  1.44  0.25  11.02  1.22  0.11  11.02  1.11  0.05 
11.45  1.20  0.29  11.45  1.42  0.26  11.45  1.16  0.13  11.45  1.05  0.06 
11.88  1.24  0.31  11.88  1.45  0.26  11.88  1.18  0.15  11.88  1.06  0.07 
12.31  1.34  0.32  12.31  1.54  0.26  12.31  1.29  0.16  12.31  1.16  0.07 
12.74  1.47  0.31  12.74  1.65  0.25  12.74  1.48  0.16  12.74  1.34  0.08 
13.16  1.60  0.27  13.16  1.75  0.23  13.16  1.70  0.14  13.16  1.54  0.08 
13.59  1.66  0.19  13.59  1.76  0.22  13.59  1.86  0.10  13.59  1.69  0.07 
14.02  1.61  0.12  14.02  1.64  0.23  14.02  1.85  0.06  14.02  1.67  0.05 
14.45  1.43  0.11  14.45  1.42  0.24  14.45  1.63  0.09  14.45  1.48  0.04 
14.88  1.19  0.14  14.88  1.15  0.24  14.88  1.30  0.10  14.88  1.20  0.04 
15.31  0.97  0.14  15.31  0.93  0.23  15.31  0.98  0.09  15.31  0.93  0.03 
15.74  0.81  0.12  15.74  0.78  0.22  15.74  0.75  0.07  15.74  0.74  0.03 
16.17  0.74  0.08  16.17  0.72  0.23  16.17  0.61  0.05  16.17  0.63  0.02 
16.59  0.74  0.05  16.59  0.72  0.26  16.59  0.57  0.03  16.59  0.60  0.02 
17.02  0.82  0.05  17.02  0.80  0.31  17.02  0.59  0.02  17.02  0.63  0.01 
17.45  0.96  0.10  17.45  0.92  0.37  17.45  0.69  0.03  17.45  0.72  0.01 
17.88  1.15  0.16  17.88  1.08  0.41  17.88  0.86  0.05  17.88  0.86  0.02 
18.31  1.34  0.20  18.31  1.24  0.43  18.31  1.08  0.07  18.31  1.05  0.03 
18.74  1.49  0.22  18.74  1.38  0.42  18.74  1.31  0.09  18.74  1.24  0.04 
19.17  1.57  0.23  19.17  1.50  0.37  19.17  1.51  0.09  19.17  1.43  0.05 
19.60  1.58  0.25  19.60  1.60  0.33  19.60  1.65  0.08  19.60  1.59  0.06 
20.02  1.56  0.27  20.02  1.68  0.30  20.02  1.71  0.08  20.02  1.72  0.07 
20.45  1.55  0.28  20.45  1.77  0.31  20.45  1.74  0.11  20.45  1.86  0.07 
20.88  1.58  0.29  20.88  1.89  0.34  20.88  1.78  0.14  20.88  2.03  0.07 
21.31  1.69  0.29  21.31  2.07  0.38  21.31  1.90  0.18  21.31  2.28  0.08 
21.74  1.91  0.29  21.74  2.29  0.44  21.74  2.13  0.22  21.74  2.64  0.10 
22.17  2.21  0.28  22.17  2.54  0.48  22.17  2.46  0.27  22.17  3.08  0.12 
22.60  2.53  0.28  22.60  2.76  0.50  22.60  2.85  0.29  22.60  3.49  0.14 
23.02  2.78  0.28  23.02  2.89  0.48  23.02  3.17  0.29  23.02  3.74  0.15 
23.45  2.85  0.26  23.45  2.90  0.44  23.45  3.30  0.26  23.45  3.71  0.15 
23.88  2.76  0.22  23.88  2.85  0.38  23.88  3.20  0.22  23.88  3.44  0.16 
24.31  2.60  0.18  24.31  2.82  0.32  24.31  2.98  0.20  24.31  3.08  0.17 
24.74  2.48  0.17  24.74  2.88  0.30  24.74  2.78  0.20  24.74  2.78  0.18 
25.17  2.47  0.24  25.17  3.08  0.37  25.17  2.72  0.20  25.17  2.63  0.18 
25.60  2.61  0.38  25.60  3.37  0.48  25.60  2.82  0.23  25.60  2.65  0.20 
26.03  2.87  0.56  26.03  3.68  0.57  26.03  3.10  0.26  26.03  2.83  0.23 
26.45  3.17  0.72  26.45  3.87  0.59  26.45  3.47  0.29  26.45  3.10  0.28 
26.88  3.43  0.78  26.88  3.87  0.53  26.88  3.81  0.28  26.88  3.39  0.31 
27.31  3.56  0.74  27.31  3.70  0.46  27.31  3.96  0.22  27.31  3.56  0.31 
27.74  3.52  0.63  27.74  3.44  0.43  27.74  3.84  0.19  27.74  3.54  0.27 
28.17  3.33  0.50  28.17  3.17  0.44  28.17  3.48  0.26  28.17  3.31  0.21 
28.60  3.05  0.41  28.60  2.93  0.43  28.60  3.01  0.32  28.60  2.93  0.18 
29.03  2.71  0.35  29.03  2.70  0.40  29.03  2.55  0.34  29.03  2.52  0.16 
29.46  2.36  0.32  29.46  2.49  0.37  29.46  2.18  0.31  29.46  2.14  0.15 

"Date of Test: 06/30/2007
"Patient Name: M09F                               
"Age:    
"Date of Birth:   /  /    
"Sex: M
"Operator:                                    
"Referring Physician:                                    
"Medical Record Number:                                    
"Window #1: hard            
"Window #2: hard            
"Window #3: hard            
"Window #4: hard            
"Mark 1 1: 5.02  
"Mark 1 2: 10.16 
"Mark 1 3: 20.02 
"Mark 1 4: 18.00
"Mark 1 5: 20.00
"Mark 2 1: 5.02  
"Mark 2 2: 10.16 
"Mark 2 3: 20.02 
"Mark 2 4: 18.00
"Mark 2 5: 20.00
"Mark 3 1: 5.02  
"Mark 3 2: 10.16 
"Mark 3 3: 20.02 
"Mark 3 4: 18.00
"Mark 3 5: 20.00
"Mark 4 1: 5.02  
"Mark 4 2: 10.16 
"Mark 4 3: 20.02 
"Mark 4 4: 18.00
"Mark 4 5: 20.00
"AS Mn 1: 9.50  
"AS Mx 1: 20.00 
"AS Mn 2: 9.50  
"AS Mx 2: 20.00 
"AS Mn 3: 9.50  
"AS Mx 3: 20.10 
"AS Mn 4: 9.50  
"AS Mx 4: 20.00 
"Comments *:                                                                                                                                                                                                                                                 
                                                                                                                                                              
