"4 * Dist, Mean Area, Std Dev
-6.13  2.85  0.01  -6.13  2.85  0.01  -6.13  2.85  0.01  -6.13  2.85  0.01 
-5.70  2.87  0.01  -5.70  2.87  0.01  -5.70  2.87  0.01  -5.70  2.87  0.01 
-5.27  2.87  0.01  -5.27  2.87  0.01  -5.27  2.86  0.01  -5.27  2.86  0.01 
-4.84  2.84  0.01  -4.84  2.84  0.02  -4.84  2.84  0.01  -4.84  2.83  0.01 
-4.41  2.80  0.01  -4.41  2.80  0.02  -4.41  2.80  0.02  -4.41  2.79  0.02 
-3.99  2.77  0.01  -3.99  2.76  0.01  -3.99  2.77  0.02  -3.99  2.77  0.02 
-3.56  2.76  0.01  -3.56  2.75  0.01  -3.56  2.76  0.02  -3.56  2.76  0.01 
-3.13  2.78  0.01  -3.13  2.77  0.01  -3.13  2.78  0.01  -3.13  2.79  0.01 
-2.70  2.83  0.01  -2.70  2.81  0.01  -2.70  2.83  0.01  -2.70  2.84  0.01 
-2.27  2.89  0.01  -2.27  2.88  0.01  -2.27  2.90  0.01  -2.27  2.90  0.01 
-1.84  2.96  0.02  -1.84  2.95  0.02  -1.84  2.97  0.01  -1.84  2.96  0.02 
-1.41  3.03  0.02  -1.41  3.02  0.02  -1.41  3.02  0.01  -1.41  3.03  0.02 
-0.99  3.10  0.03  -0.99  3.09  0.02  -0.99  3.07  0.01  -0.99  3.09  0.03 
-0.56  3.17  0.03  -0.56  3.15  0.02  -0.56  3.10  0.03  -0.56  3.15  0.05 
-0.13  3.24  0.04  -0.13  3.19  0.02  -0.13  3.13  0.05  -0.13  3.20  0.09 
0.30   3.29  0.05  0.30   3.20  0.02  0.30   3.13  0.09  0.30   3.21  0.13 
0.73   3.26  0.06  0.73   3.12  0.04  0.73   3.08  0.12  0.73   3.15  0.16 
1.16   3.14  0.06  1.16   2.94  0.06  1.16   2.94  0.16  1.16   2.99  0.17 
1.59   2.89  0.07  1.59   2.64  0.08  1.59   2.71  0.17  1.59   2.73  0.16 
2.02   2.55  0.09  2.02   2.27  0.10  2.02   2.43  0.16  2.02   2.40  0.13 
2.45   2.19  0.10  2.45   1.89  0.10  2.45   2.13  0.15  2.45   2.07  0.10 
2.87   1.87  0.10  2.87   1.57  0.09  2.87   1.88  0.12  2.87   1.79  0.07 
3.30   1.63  0.10  3.30   1.33  0.08  3.30   1.69  0.11  3.30   1.59  0.05 
3.73   1.48  0.10  3.73   1.19  0.07  3.73   1.59  0.09  3.73   1.49  0.05 
4.16   1.42  0.09  4.16   1.14  0.06  4.16   1.58  0.09  4.16   1.49  0.05 
4.59   1.44  0.09  4.59   1.17  0.06  4.59   1.64  0.09  4.59   1.57  0.06 
5.02   1.52  0.08  5.02   1.29  0.07  5.02   1.76  0.08  5.02   1.74  0.07 
5.45   1.64  0.09  5.45   1.48  0.08  5.45   1.92  0.08  5.45   1.96  0.08 
5.88   1.77  0.10  5.88   1.72  0.08  5.88   2.08  0.07  5.88   2.20  0.09 
6.30   1.87  0.11  6.30   1.95  0.09  6.30   2.20  0.06  6.30   2.38  0.09 
6.73   1.90  0.12  6.73   2.14  0.09  6.73   2.27  0.05  6.73   2.48  0.10 
7.16   1.88  0.13  7.16   2.24  0.11  7.16   2.27  0.05  7.16   2.47  0.12 
7.59   1.83  0.14  7.59   2.25  0.13  7.59   2.25  0.05  7.59   2.40  0.13 
8.02   1.79  0.14  8.02   2.22  0.16  8.02   2.26  0.04  8.02   2.34  0.14 
8.45   1.81  0.15  8.45   2.21  0.18  8.45   2.34  0.04  8.45   2.34  0.14 
8.88   1.92  0.17  8.88   2.27  0.21  8.88   2.53  0.07  8.88   2.45  0.11 
9.31   2.13  0.19  9.31   2.45  0.23  9.31   2.84  0.12  9.31   2.68  0.07 
9.73   2.42  0.21  9.73   2.73  0.24  9.73   3.22  0.17  9.73   2.99  0.09 
10.16  2.73  0.23  10.16  3.10  0.24  10.16  3.59  0.21  10.16  3.31  0.17 
10.59  2.98  0.22  10.59  3.46  0.22  10.59  3.84  0.21  10.59  3.55  0.23 
11.02  3.11  0.19  11.02  3.74  0.18  11.02  3.91  0.17  11.02  3.62  0.25 
11.45  3.14  0.15  11.45  3.89  0.13  11.45  3.87  0.11  11.45  3.57  0.23 
11.88  3.13  0.12  11.88  3.93  0.08  11.88  3.81  0.06  11.88  3.48  0.19 
12.31  3.17  0.09  12.31  3.93  0.05  12.31  3.83  0.05  12.31  3.43  0.15 
12.74  3.30  0.07  12.74  3.96  0.04  12.74  3.94  0.07  12.74  3.47  0.14 
13.16  3.49  0.06  13.16  4.03  0.03  13.16  4.10  0.08  13.16  3.56  0.14 
13.59  3.70  0.07  13.59  4.12  0.03  13.59  4.22  0.10  13.59  3.65  0.13 
14.02  3.82  0.10  14.02  4.16  0.08  14.02  4.17  0.12  14.02  3.64  0.11 
14.45  3.75  0.15  14.45  4.09  0.15  14.45  3.90  0.16  14.45  3.48  0.10 
14.88  3.48  0.19  14.88  3.87  0.22  14.88  3.44  0.20  14.88  3.17  0.11 
15.31  3.04  0.21  15.31  3.49  0.28  15.31  2.89  0.22  15.31  2.75  0.12 
15.74  2.53  0.20  15.74  3.00  0.30  15.74  2.35  0.22  15.74  2.31  0.14 
16.17  2.05  0.17  16.17  2.50  0.28  16.17  1.91  0.20  16.17  1.92  0.15 
16.59  1.66  0.13  16.59  2.04  0.23  16.59  1.59  0.16  16.59  1.61  0.14 
17.02  1.39  0.10  17.02  1.69  0.17  17.02  1.40  0.12  17.02  1.39  0.13 
17.45  1.24  0.08  17.45  1.46  0.12  17.45  1.31  0.07  17.45  1.27  0.10 
17.88  1.19  0.07  17.88  1.35  0.08  17.88  1.32  0.04  17.88  1.23  0.06 
18.31  1.21  0.07  18.31  1.33  0.06  18.31  1.36  0.02  18.31  1.23  0.03 
18.74  1.26  0.08  18.74  1.37  0.06  18.74  1.40  0.03  18.74  1.24  0.04 
19.17  1.26  0.08  19.17  1.43  0.07  19.17  1.35  0.04  19.17  1.21  0.06 
19.60  1.20  0.09  19.60  1.44  0.09  19.60  1.21  0.06  19.60  1.12  0.06 
20.02  1.08  0.09  20.02  1.38  0.11  20.02  1.03  0.08  20.02  0.99  0.05 
20.45  0.94  0.08  20.45  1.25  0.11  20.45  0.86  0.09  20.45  0.86  0.04 
20.88  0.84  0.06  20.88  1.10  0.10  20.88  0.76  0.08  20.88  0.78  0.04 
21.31  0.81  0.05  21.31  1.00  0.08  21.31  0.74  0.06  21.31  0.77  0.04 
21.74  0.86  0.03  21.74  0.96  0.06  21.74  0.80  0.03  21.74  0.83  0.04 
22.17  0.99  0.02  22.17  0.99  0.04  22.17  0.95  0.02  22.17  0.97  0.03 
22.60  1.20  0.03  22.60  1.09  0.03  22.60  1.17  0.04  22.60  1.17  0.03 
23.02  1.44  0.05  23.02  1.24  0.03  23.02  1.42  0.06  23.02  1.39  0.05 
23.45  1.64  0.07  23.45  1.40  0.04  23.45  1.60  0.06  23.45  1.58  0.07 
23.88  1.72  0.07  23.88  1.54  0.05  23.88  1.65  0.05  23.88  1.66  0.08 
24.31  1.67  0.07  24.31  1.60  0.06  24.31  1.58  0.06  24.31  1.63  0.07 
24.74  1.53  0.08  24.74  1.57  0.07  24.74  1.45  0.07  24.74  1.54  0.06 
25.17  1.37  0.07  25.17  1.48  0.07  25.17  1.33  0.07  25.17  1.44  0.06 
25.60  1.26  0.07  25.60  1.36  0.05  25.60  1.26  0.06  25.60  1.38  0.06 
26.03  1.22  0.06  26.03  1.27  0.04  26.03  1.28  0.06  26.03  1.39  0.07 
26.45  1.29  0.07  26.45  1.22  0.04  26.45  1.38  0.09  26.45  1.47  0.07 
26.88  1.48  0.09  26.88  1.23  0.05  26.88  1.56  0.13  26.88  1.63  0.09 
27.31  1.77  0.14  27.31  1.31  0.07  27.31  1.80  0.17  27.31  1.85  0.11 
27.74  2.13  0.18  27.74  1.45  0.08  27.74  2.03  0.17  27.74  2.08  0.13 
28.17  2.44  0.21  28.17  1.60  0.09  28.17  2.18  0.13  28.17  2.27  0.13 
28.60  2.59  0.19  28.60  1.73  0.10  28.60  2.20  0.08  28.60  2.37  0.12 
29.03  2.52  0.15  29.03  1.79  0.10  29.03  2.13  0.08  29.03  2.37  0.13 
29.46  2.31  0.15  29.46  1.77  0.10  29.46  2.02  0.11  29.46  2.31  0.17 

"Date of Test: 06/30/2007
"Patient Name: M09F                               
"Age:    
"Date of Birth:   /  /    
"Sex: M
"Operator:                                    
"Referring Physician:                                    
"Medical Record Number:                                    
"Window #1: head            
"Window #2: head            
"Window #3: head            
"Window #4: head            
"Mark 1 1: 5.02  
"Mark 1 2: 10.16 
"Mark 1 3: 20.02 
"Mark 1 4: 18.00
"Mark 1 5: 20.00
"Mark 2 1: 5.02  
"Mark 2 2: 10.16 
"Mark 2 3: 20.02 
"Mark 2 4: 18.00
"Mark 2 5: 20.00
"Mark 3 1: 5.02  
"Mark 3 2: 10.16 
"Mark 3 3: 20.02 
"Mark 3 4: 18.00
"Mark 3 5: 20.00
"Mark 4 1: 5.02  
"Mark 4 2: 10.16 
"Mark 4 3: 20.02 
"Mark 4 4: 18.00
"Mark 4 5: 20.00
"AS Mn 1: 9.50  
"AS Mx 1: 20.00 
"AS Mn 2: 9.50  
"AS Mx 2: 20.00 
"AS Mn 3: 9.50  
"AS Mx 3: 20.10 
"AS Mn 4: 9.50  
"AS Mx 4: 20.00 
"Comments *:                                                                                                                                                                                                                                                 
                                                                                                                                                              
