"4 * Dist, Mean Area, Std Dev
-6.13  2.85  0.01  -6.13  2.85  0.01  -6.13  2.85  0.01  -6.13  2.85  0.01 
-5.70  2.87  0.01  -5.70  2.87  0.01  -5.70  2.87  0.01  -5.70  2.87  0.01 
-5.27  2.87  0.02  -5.27  2.86  0.01  -5.27  2.87  0.01  -5.27  2.86  0.01 
-4.84  2.85  0.01  -4.84  2.84  0.01  -4.84  2.84  0.01  -4.84  2.84  0.01 
-4.41  2.82  0.03  -4.41  2.81  0.03  -4.41  2.81  0.01  -4.41  2.81  0.01 
-3.99  2.78  0.05  -3.99  2.79  0.04  -3.99  2.78  0.01  -3.99  2.78  0.01 
-3.56  2.77  0.06  -3.56  2.78  0.05  -3.56  2.77  0.01  -3.56  2.77  0.01 
-3.13  2.78  0.05  -3.13  2.80  0.05  -3.13  2.78  0.01  -3.13  2.79  0.01 
-2.70  2.82  0.04  -2.70  2.83  0.04  -2.70  2.81  0.01  -2.70  2.83  0.01 
-2.27  2.87  0.02  -2.27  2.88  0.03  -2.27  2.86  0.01  -2.27  2.88  0.01 
-1.84  2.93  0.02  -1.84  2.92  0.03  -1.84  2.92  0.01  -1.84  2.94  0.01 
-1.41  3.01  0.02  -1.41  2.96  0.03  -1.41  2.99  0.01  -1.41  3.00  0.02 
-0.99  3.10  0.04  -0.99  3.03  0.03  -0.99  3.08  0.01  -0.99  3.08  0.02 
-0.56  3.23  0.08  -0.56  3.13  0.03  -0.56  3.19  0.02  -0.56  3.19  0.02 
-0.13  3.38  0.13  -0.13  3.27  0.02  -0.13  3.32  0.03  -0.13  3.31  0.02 
0.30   3.52  0.19  0.30   3.45  0.03  0.30   3.45  0.05  0.30   3.43  0.05 
0.73   3.62  0.24  0.73   3.62  0.07  0.73   3.52  0.07  0.73   3.50  0.10 
1.16   3.59  0.28  1.16   3.72  0.15  1.16   3.49  0.09  1.16   3.45  0.15 
1.59   3.40  0.29  1.59   3.69  0.25  1.59   3.30  0.10  1.59   3.26  0.19 
2.02   3.06  0.28  2.02   3.51  0.36  2.02   2.96  0.10  2.02   2.92  0.21 
2.45   2.63  0.24  2.45   3.21  0.44  2.45   2.56  0.09  2.45   2.52  0.20 
2.87   2.21  0.20  2.87   2.87  0.48  2.87   2.18  0.08  2.87   2.15  0.17 
3.30   1.86  0.16  3.30   2.55  0.49  3.30   1.88  0.06  3.30   1.85  0.14 
3.73   1.63  0.13  3.73   2.30  0.47  3.73   1.69  0.05  3.73   1.67  0.11 
4.16   1.52  0.12  4.16   2.14  0.42  4.16   1.62  0.05  4.16   1.61  0.09 
4.59   1.53  0.12  4.59   2.07  0.38  4.59   1.66  0.05  4.59   1.67  0.07 
5.02   1.66  0.13  5.02   2.10  0.33  5.02   1.79  0.05  5.02   1.84  0.05 
5.45   1.91  0.15  5.45   2.21  0.28  5.45   2.01  0.05  5.45   2.11  0.04 
5.88   2.26  0.18  5.88   2.39  0.25  5.88   2.27  0.05  5.88   2.44  0.03 
6.30   2.68  0.21  6.30   2.60  0.24  6.30   2.51  0.06  6.30   2.78  0.05 
6.73   3.11  0.22  6.73   2.81  0.26  6.73   2.70  0.07  6.73   3.05  0.08 
7.16   3.49  0.23  7.16   2.98  0.28  7.16   2.81  0.08  7.16   3.20  0.11 
7.59   3.77  0.21  7.59   3.10  0.30  7.59   2.84  0.08  7.59   3.21  0.13 
8.02   3.97  0.18  8.02   3.19  0.30  8.02   2.86  0.08  8.02   3.16  0.13 
8.45   4.13  0.15  8.45   3.29  0.29  8.45   2.91  0.09  8.45   3.11  0.13 
8.88   4.26  0.11  8.88   3.40  0.27  8.88   3.03  0.08  8.88   3.13  0.11 
9.31   4.38  0.11  9.31   3.55  0.24  9.31   3.22  0.07  9.31   3.24  0.10 
9.73   4.44  0.14  9.73   3.67  0.23  9.73   3.45  0.06  9.73   3.41  0.08 
10.16  4.38  0.18  10.16  3.73  0.22  10.16  3.62  0.04  10.16  3.58  0.07 
10.59  4.16  0.21  10.59  3.65  0.20  10.59  3.64  0.04  10.59  3.63  0.06 
11.02  3.81  0.21  11.02  3.46  0.17  11.02  3.49  0.04  11.02  3.52  0.05 
11.45  3.39  0.19  11.45  3.18  0.10  11.45  3.22  0.05  11.45  3.25  0.06 
11.88  2.98  0.15  11.88  2.90  0.04  11.88  2.93  0.05  11.88  2.93  0.08 
12.31  2.64  0.11  12.31  2.66  0.07  12.31  2.70  0.05  12.31  2.64  0.09 
12.74  2.37  0.07  12.74  2.47  0.12  12.74  2.57  0.05  12.74  2.44  0.09 
13.16  2.17  0.07  13.16  2.30  0.17  13.16  2.53  0.05  13.16  2.32  0.09 
13.59  2.00  0.10  13.59  2.14  0.20  13.59  2.54  0.04  13.59  2.27  0.09 
14.02  1.84  0.13  14.02  1.97  0.23  14.02  2.53  0.03  14.02  2.23  0.08 
14.45  1.68  0.15  14.45  1.80  0.27  14.45  2.45  0.03  14.45  2.17  0.09 
14.88  1.51  0.16  14.88  1.62  0.29  14.88  2.30  0.05  14.88  2.06  0.11 
15.31  1.34  0.16  15.31  1.46  0.29  15.31  2.08  0.08  15.31  1.90  0.13 
15.74  1.18  0.16  15.74  1.32  0.28  15.74  1.84  0.10  15.74  1.72  0.14 
16.17  1.04  0.14  16.17  1.19  0.26  16.17  1.61  0.09  16.17  1.55  0.14 
16.59  0.93  0.13  16.59  1.09  0.23  16.59  1.42  0.08  16.59  1.40  0.13 
17.02  0.86  0.12  17.02  1.01  0.19  17.02  1.28  0.06  17.02  1.28  0.11 
17.45  0.83  0.11  17.45  0.96  0.16  17.45  1.19  0.04  17.45  1.20  0.10 
17.88  0.83  0.09  17.88  0.93  0.13  17.88  1.14  0.02  17.88  1.16  0.08 
18.31  0.86  0.08  18.31  0.91  0.10  18.31  1.10  0.02  18.31  1.13  0.07 
18.74  0.92  0.06  18.74  0.89  0.09  18.74  1.07  0.02  18.74  1.09  0.06 
19.17  0.98  0.05  19.17  0.86  0.08  19.17  1.01  0.02  19.17  1.04  0.05 
19.60  1.03  0.06  19.60  0.82  0.08  19.60  0.92  0.02  19.60  0.97  0.06 
20.02  1.07  0.07  20.02  0.78  0.08  20.02  0.83  0.01  20.02  0.88  0.06 
20.45  1.08  0.07  20.45  0.75  0.07  20.45  0.75  0.01  20.45  0.79  0.05 
20.88  1.08  0.08  20.88  0.75  0.06  20.88  0.70  0.01  20.88  0.74  0.04 
21.31  1.09  0.09  21.31  0.80  0.07  21.31  0.70  0.01  21.31  0.73  0.03 
21.74  1.13  0.10  21.74  0.90  0.11  21.74  0.76  0.02  21.74  0.77  0.03 
22.17  1.20  0.11  22.17  1.06  0.16  22.17  0.87  0.03  22.17  0.87  0.05 
22.60  1.31  0.14  22.60  1.28  0.22  22.60  1.03  0.04  22.60  1.03  0.05 
23.02  1.46  0.19  23.02  1.53  0.29  23.02  1.21  0.06  23.02  1.21  0.07 
23.45  1.65  0.24  23.45  1.78  0.35  23.45  1.38  0.08  23.45  1.39  0.11 
23.88  1.83  0.30  23.88  1.99  0.41  23.88  1.52  0.09  23.88  1.53  0.17 
24.31  1.98  0.35  24.31  2.14  0.44  24.31  1.60  0.10  24.31  1.62  0.19 
24.74  2.07  0.36  24.74  2.20  0.45  24.74  1.64  0.11  24.74  1.67  0.18 
25.17  2.09  0.36  25.17  2.19  0.45  25.17  1.67  0.11  25.17  1.70  0.15 
25.60  2.07  0.34  25.60  2.16  0.45  25.60  1.70  0.12  25.60  1.75  0.12 
26.03  2.06  0.33  26.03  2.14  0.45  26.03  1.76  0.13  26.03  1.84  0.11 
26.45  2.09  0.32  26.45  2.19  0.46  26.45  1.84  0.13  26.45  1.96  0.11 
26.88  2.18  0.31  26.88  2.32  0.47  26.88  1.95  0.13  26.88  2.10  0.11 
27.31  2.31  0.30  27.31  2.52  0.44  27.31  2.10  0.13  27.31  2.26  0.15 
27.74  2.48  0.30  27.74  2.76  0.37  27.74  2.25  0.13  27.74  2.42  0.23 
28.17  2.63  0.30  28.17  2.96  0.28  28.17  2.39  0.13  28.17  2.55  0.30 
28.60  2.74  0.29  28.60  3.06  0.22  28.60  2.48  0.12  28.60  2.63  0.31 
29.03  2.79  0.28  29.03  3.02  0.23  29.03  2.51  0.12  29.03  2.66  0.27 
29.46  2.78  0.27  29.46  2.88  0.22  29.46  2.50  0.11  29.46  2.65  0.19 

"Date of Test: 06/30/2007
"Patient Name: M09F                               
"Age:    
"Date of Birth:   /  /    
"Sex: M
"Operator:                                    
"Referring Physician:                                    
"Medical Record Number:                                    
"Window #1: had             
"Window #2: had             
"Window #3: had             
"Window #4: had             
"Mark 1 1: 5.02  
"Mark 1 2: 10.16 
"Mark 1 3: 20.02 
"Mark 1 4: 18.00
"Mark 1 5: 20.00
"Mark 2 1: 5.02  
"Mark 2 2: 10.16 
"Mark 2 3: 20.02 
"Mark 2 4: 18.00
"Mark 2 5: 20.00
"Mark 3 1: 5.02  
"Mark 3 2: 10.16 
"Mark 3 3: 20.02 
"Mark 3 4: 18.00
"Mark 3 5: 20.00
"Mark 4 1: 5.02  
"Mark 4 2: 10.16 
"Mark 4 3: 20.02 
"Mark 4 4: 18.00
"Mark 4 5: 20.00
"AS Mn 1: 9.50  
"AS Mx 1: 20.00 
"AS Mn 2: 9.50  
"AS Mx 2: 20.00 
"AS Mn 3: 9.50  
"AS Mx 3: 20.10 
"AS Mn 4: 9.50  
"AS Mx 4: 20.00 
"Comments *:                                                                                                                                                                                                                                                 
                                                                                                                                                              
